nose_x,nose_y,nose_z,left_eye_x,left_eye_y,left_eye_z,right_eye_x,right_eye_y,right_eye_z,left_ear_x,left_ear_y,left_ear_z,right_ear_x,right_ear_y,right_ear_z,left_shoulder_x,left_shoulder_y,left_shoulder_z,right_shoulder_x,right_shoulder_y,right_shoulder_z,left_elbow_x,left_elbow_y,left_elbow_z,right_elbow_x,right_elbow_y,right_elbow_z,left_wrist_x,left_wrist_y,left_wrist_z,right_wrist_x,right_wrist_y,right_wrist_z,left_pinky_x,left_pinky_y,left_pinky_z,right_pinky_x,right_pinky_y,right_pinky_z,left_index_x,left_index_y,left_index_z,right_index_x,right_index_y,right_index_z,Left_hip_x,Left_hip_y,Left_hip_z,Right_hip_x,Right_hip_y,Right_hip_z,Left_knee_x,Left_knee_y,Left_knee_z,Right_knee_x,Right_knee_y,Right_knee_z,Left_ankle_x,Left_ankle_y,Left_ankle_z,Right_ankle_x,Right_ankle_y,Right_ankle_z,Left_heel_x,Left_heel_y,Left_heel_z,Right_heel_x,Right_heel_y,Right_heel_z,Left_foot_x,Left_foot_y,Left_foot_z,Right_foot_x,Right_foot_y,Right_foot_z,Action_Label,ASD_Label
0.3710659742355346,0.3678942322731017,0.3726780414581298,0.3129455149173736,0.3407679796218872,0.26385098695755,0.7595118284225463,0.1078849509358406,0.7775798439979553,0.7482382655143738,0.1011534482240676,0.4731623232364655,0.2836315631866455,0.5213342308998108,0.25827157497406,0.0360806658864021,0.0154395448043942,0.0161246508359909,0.0167572163045406,0.012996532022953,0.02158123254776,0.0102642197161912,0.027267912402749,0.02158123254776,0.0579074323177337,0.0570644326508045,0.1359158456325531,0.1803789287805556,0.0451004728674888,0.3782552778720856,-0.1155011877417564,0.5413027405738832,-0.1903800219297408,0.5921127796173096,-0.2127851545810699,0.5973304510116577,-0.1871925145387649,0.5826317071914673,0.4860987663269042,0.5039553642272949,0.733423411846161,0.7574175596237183,0.912638783454895,0.9582886695861816,0.9397061467170716,-0.3630445599555968,-0.4168383181095123,-0.3423202335834503,-0.4171116650104522,-0.0748557969927787,-0.3423202335834503,-0.31446835398674,-0.3894424438476562,0.0611144080758094,-0.3554374575614928,0.0753384828567505,-0.4349311888217926,0.0521206334233284,-0.5688626170158385,-0.0120257101953029,-0.5912095904350281,-0.0187584776431322,-0.6992279291152954,0.024214494973421,-0.6128217577934265,0.1252350211143493,-0.1257920116186142,0.2059570699930191,-0.0788320153951644,0.5777267217636108,0.2952316403388977,0.596799910068512,0.3128689527511596,0.3825729489326477,-0.0383119545876979,0,1
0.3711367845535278,0.3680293560028076,0.3727124035358429,0.3152954876422882,0.3417368531227112,0.2675771415233612,0.800308585166931,0.1301166713237762,0.8479505181312562,0.8358427882194518,0.1243629902601242,0.4788342714309692,0.2937602698802948,0.5185887813568115,0.2595641314983368,0.0357547104358673,0.015402746386826,0.016047928482294,0.0166537202894687,0.0130384741351008,0.021726656705141,0.0105540351942181,0.0272433459758758,0.021726656705141,0.0563394054770469,0.0562882907688617,0.1370073556900024,0.179477572441101,0.0823290050029754,0.3762354254722595,0.0147639289498329,0.5407584309577942,-0.0205492414534091,0.5920312404632568,-0.0317081920802593,0.5973232984542847,-0.0179067812860012,0.5826171636581421,0.4880388379096985,0.5053756833076477,0.7328969836235046,0.7573986649513245,0.9126442670822144,0.9586275219917296,0.9393674731254577,-0.3608281314373016,-0.4141717255115509,-0.3419556021690368,-0.4140194356441498,-0.0634758993983268,-0.3419556021690368,-0.3038637042045592,-0.385282039642334,0.0956875681877136,-0.3835070431232452,0.3538005948066711,-0.4918141365051269,0.5064274072647095,-0.5778871178627014,0.4984704256057739,-0.5931482315063477,0.4345376193523407,-0.7176333665847777,0.4668341279029846,-0.6279193162918091,0.1341750472784042,-0.1348279863595962,0.3265300393104552,-0.0264533516019582,0.699167013168335,0.3043176233768463,0.7160443067550659,0.3428837954998016,0.5141935348510742,0.0233519524335861,0,1
0.378183901309967,0.372584193944931,0.3758733570575713,0.3282296061515808,0.3434997200965881,0.2781627476215362,0.8295338749885558,0.1814430803060532,0.8859604001045227,0.8721636533737183,0.181695595383644,0.4847530722618103,0.3078910410404205,0.5169920325279236,0.2605724632740021,0.0364605635404586,0.0158674605190753,0.0162955485284328,0.0167451463639736,0.0140438620001077,0.0218193959444761,0.0117272194474935,0.0272119287401437,0.0218193959444761,0.0563635602593421,0.0565085113048553,0.1372957378625869,0.1774185001850128,0.1155652850866317,0.3702695965766906,0.0718793645501136,0.5329962968826294,0.052567433565855,0.588438868522644,0.0480684265494346,0.5950058698654175,0.0583440437912941,0.577541708946228,0.489538848400116,0.5059171319007874,0.7306878566741942,0.7571484446525573,0.9128776788711548,0.9586197733879088,0.940567135810852,-0.2153897136449813,-0.2927945256233215,-0.3294617831707001,-0.2927195727825165,0.0346547365188598,-0.3294617831707001,-0.1621405333280563,-0.2682490646839142,0.2129173129796981,-0.3904852271080016,0.6317029595375061,-0.5023844242095947,0.8939713239669799,-0.5480510592460632,0.9127848148345948,-0.5597992539405823,0.8241184949874878,-0.6914969682693481,0.8508628010749818,-0.5990074872970581,0.1551759988069534,-0.1557582914829254,0.4286773800849914,0.0240864381194114,0.7053640484809875,0.320954293012619,0.7174654603004456,0.3667502403259277,0.536950409412384,0.0948048830032348,0,1
0.379737228155136,0.3742884397506714,0.3772748708724976,0.3297726213932037,0.3463709652423858,0.2805494666099548,0.8216633200645447,0.2330090403556824,0.8897197246551514,0.8712027668952941,0.2513768970966339,0.4858249127864837,0.3144445121288299,0.515073299407959,0.2633289098739624,0.0374467745423316,0.0165566932410001,0.016777891665697,0.0170661900192499,0.0152565110474824,0.0223834924399852,0.0129319485276937,0.027225237339735,0.0223834924399852,0.0567266643047332,0.0573001392185688,0.1373163759708404,0.1754144728183746,0.1519483625888824,0.363071709871292,0.1338849812746048,0.5163996815681458,0.1279137432575225,0.5773023962974548,0.1248855143785476,0.5832442045211792,0.1300494372844696,0.5590132474899292,0.4895634651184081,0.5043889880180359,0.7294840812683105,0.7552977800369263,0.9122954607009888,0.9555743336677552,0.9402559399604796,-0.2010409832000732,-0.2741484045982361,-0.3023362755775452,-0.274106353521347,0.0492872819304466,-0.3023362755775452,-0.1484353244304656,-0.2476810216903686,0.228297472000122,-0.3784160912036896,0.6582772135734558,-0.4784139096736908,0.9189354181289674,-0.5353940129280089,0.9303391575813292,-0.5534197092056273,0.8383988142013549,-0.6833891272544861,0.8764323592185974,-0.5848316550254822,0.1586896330118179,-0.1591941863298416,0.406665027141571,0.016751667484641,0.6969844102859497,0.3176714181900024,0.6781862378120422,0.3422235250473022,0.5272561311721802,0.076864443719387,0,1
0.3827047944068908,0.3769852519035339,0.379505455493927,0.3320580720901488,0.3476561605930328,0.2830701470375061,0.8497253656387329,0.2962982356548309,0.9211040139198304,0.8971509337425232,0.3267676830291748,0.494388610124588,0.3207850456237793,0.5135962963104248,0.2665348649024963,0.0377913266420364,0.017227629199624,0.0173722691833972,0.0175744425505399,0.0162112601101398,0.0237654969096183,0.0140239801257848,0.027557959780097,0.0237654969096183,0.0570495538413524,0.057773970067501,0.1411897391080856,0.1733564287424087,0.1757992506027221,0.3514906167984009,0.1916967332363128,0.4808798432350159,0.1977783888578415,0.5472675561904907,0.1970326900482177,0.5274423956871033,0.1967770308256148,0.5083072781562805,0.4881691932678223,0.4994907975196838,0.7289488315582275,0.7543330192565918,0.912128150463104,0.9552794694900512,0.940259575843811,-0.1901474595069884,-0.2716416120529175,-0.3054106831550598,-0.2715657651424408,0.0727190747857093,-0.3054106831550598,-0.1389841139316558,-0.2481252253055572,0.2712898552417755,-0.4103243947029114,0.6911689043045044,-0.5372369885444641,0.8565974831581116,-0.583160936832428,0.8612111210823059,-0.6239054203033447,0.7583620548248291,-0.7337690591812133,0.8094355463981628,-0.6259069442749025,0.1878444254398345,-0.1881426274776458,0.3875721395015716,-0.0171951632946729,0.7376441359519958,0.3019777536392212,0.7496741414070129,0.3259382545948028,0.5706118941307068,0.0304461792111396,0,1
0.3876538574695587,0.3836400210857391,0.3859184384346008,0.3353827893733978,0.3516308069229125,0.2853007018566131,0.8696848750114442,0.3574999570846557,0.9441853165626524,0.9133073687553404,0.384438693523407,0.4990493357181549,0.3196968436241149,0.5118127465248108,0.2688605487346648,0.0392278097569942,0.018381118774414,0.0183497294783592,0.0183528270572423,0.0175678171217441,0.0242867656052112,0.0150083731859922,0.0276295095682144,0.0242867656052112,0.0582046583294868,0.0589730329811572,0.1436051577329635,0.173280194401741,0.2068084478378296,0.3400610983371734,0.2533937692642212,0.4629833102226257,0.2588616013526916,0.5073549151420593,0.2587862014770508,0.5191645026206969,0.259693443775177,0.4858449101448059,0.4876032471656799,0.4985125064849853,0.7277719974517822,0.7523053884506226,0.9111856222152708,0.9559801816940308,0.940318286418915,-0.1912467181682586,-0.2682347297668457,-0.2713967859745025,-0.2681446373462677,0.0918733403086662,-0.2713967859745025,-0.1403170228004455,-0.2436176240444183,0.2653524279594421,-0.4012229144573212,0.499822199344635,-0.5301680564880371,0.3549579679965973,-0.5856324434280396,0.2931528091430664,-0.6406844854354857,0.1822117269039154,-0.7449677586555482,0.2979357540607452,-0.6266741752624512,0.184062972664833,-0.1842485815286636,0.3740927875041961,-0.1181325241923332,0.7879038453102112,0.1542041301727295,0.8128768801689149,0.1678202599287033,0.6255953311920166,-0.1584853827953338,0,1
0.4004764258861542,0.3972746431827544,0.399192214012146,0.34734046459198,0.3614255189895629,0.2949460744857788,0.8682684898376464,0.444100558757782,0.9408033490180968,0.9177498817443848,0.4751338958740234,0.5008063316345215,0.3201389014720917,0.5102018117904663,0.2757872343063354,0.0401171371340751,0.018437085673213,0.0183566380292177,0.0183443054556846,0.0178323946893215,0.0242819804698228,0.0152639001607894,0.0271021537482738,0.0242819804698228,0.0590839907526969,0.0600738711655139,0.1444399058818817,0.1729819476604461,0.2347311973571777,0.339280903339386,0.3073453307151794,0.458225816488266,0.3228268027305603,0.502233624458313,0.3240081667900085,0.4974320828914642,0.3223797976970672,0.4790772795677185,0.4844751954078674,0.4962816834449768,0.724922776222229,0.7470342516899107,0.9095851182937622,0.9560786485671996,0.9403041005134584,-0.2526966929435729,-0.3276247978210448,-0.3193220496177673,-0.327345460653305,0.0301744602620601,-0.3193220496177673,-0.1988441497087478,-0.2975782752037048,0.2299387454986572,-0.4461064636707305,0.4487389028072356,-0.5632113814353943,0.3082073628902436,-0.5920440554618835,0.2552615404129028,-0.6585088968276978,0.1524223536252975,-0.742118775844574,0.2568070292472839,-0.6240984797477721,0.1858776062726974,-0.1858996748924255,0.4184136986732482,-0.1191115081310272,0.7470369338989258,0.1116821616888046,0.7721431255340576,0.1177373602986335,0.5768934488296509,-0.2116455733776092,0,1
0.4028547406196593,0.4014797508716583,0.4039613604545592,0.3495205044746399,0.369223266839981,0.2985808849334717,0.846469521522522,0.4894072711467743,0.9185722470283508,0.8940045833587646,0.5286559462547302,0.5020221471786499,0.3192617297172546,0.5100594758987427,0.2781824469566344,0.042663037776947,0.0199776068329811,0.0196150168776512,0.0193354189395904,0.0194455459713935,0.0244452394545078,0.0162948779761791,0.0271388329565525,0.0244452394545078,0.0605564042925834,0.0614104568958282,0.1461922079324722,0.1691068708896636,0.2580132782459259,0.2992636859416961,0.3469674289226532,0.4116070270538329,0.3785100281238556,0.4481632709503174,0.3812257647514343,0.4370222985744476,0.3747671246528625,0.4231662154197693,0.4813161492347717,0.4946080148220062,0.724753499031067,0.7469135522842406,0.9096038937568665,0.9564988017082214,0.9418929219245912,-0.2199952006340026,-0.2829189598560332,-0.2216180115938186,-0.2828800976276397,0.072171427309513,-0.2216180115938186,-0.1618838310241699,-0.2456146478652954,0.2837497293949127,-0.3776050209999085,0.4501736164093017,-0.5290305614471436,0.2412874698638916,-0.5846995115280151,0.1695917397737503,-0.6324032545089722,0.0739997327327728,-0.7273953557014465,0.1950449049472808,-0.5988718271255493,0.1824319064617156,-0.1824804097414016,0.3739438652992248,-0.1850770711898804,0.5979214310646057,0.0115600163117051,0.6059312820434569,0.0147407874464988,0.3873564004898071,-0.333363801240921,0,1
0.4024213552474976,0.4014177024364472,0.4045020639896393,0.3483487665653229,0.3726051449775696,0.2983570098876952,0.8325733542442322,0.4862580895423888,0.8972167372703552,0.8730970621109008,0.5207250118255615,0.5049359798431396,0.3222715258598328,0.5100581049919128,0.278449684381485,0.0439440198242664,0.0217907540500164,0.0213483609259128,0.0209373366087675,0.0210463274270296,0.0268254689872264,0.0176746528595685,0.0281353183090686,0.0268254689872264,0.0616108365356922,0.0624037757515907,0.1500118374824524,0.165904015302658,0.2849575877189636,0.2583915591239928,0.3921875953674317,0.2952958047389984,0.4264453053474425,0.3269823789596557,0.4283052086830139,0.3210141062736511,0.4173054695129394,0.3021932244300842,0.4779512286186217,0.4892492890357971,0.7245211005210876,0.7472409009933471,0.9102104306221008,0.9565183520317077,0.943239986896515,-0.1777108013629913,-0.2253308147192001,-0.094473510980606,-0.2252347320318222,0.1346908807754516,-0.094473510980606,-0.1150545552372932,-0.1808122992515564,0.3257274925708771,-0.2387445867061614,0.4441290199756622,-0.516386091709137,0.245390698313713,-0.7178113460540771,0.1736195087432861,-0.8185063600540161,0.0772207081317901,-0.8639374375343322,0.200450912117958,-0.7356632947921754,0.1814614981412887,-0.1814375966787338,0.1983023583889007,-0.1693930476903915,0.4597000181674956,0.0465582385659217,0.4693529009819031,0.0532055683434009,0.235560268163681,-0.2954019010066986,0,1
0.4048231244087219,0.4041918814182281,0.4077137410640716,0.3507931232452392,0.3770627379417419,0.3018324673175812,0.8217532634735107,0.4841226935386657,0.890795886516571,0.8612543940544128,0.4890028238296509,0.5075008869171144,0.32448810338974,0.5108458995819092,0.2792463302612304,0.0438376478850841,0.022078089416027,0.021798001602292,0.0215278510004282,0.0210373699665069,0.0273469183593988,0.0176695249974727,0.0291589293628931,0.0273469183593988,0.0618517696857452,0.0625647976994514,0.1556283831596374,0.1646542996168136,0.2909470200538635,0.2628452777862549,0.4198688864707946,0.2123448550701141,0.4552351534366608,0.2126809060573577,0.4590764045715332,0.2079800069332122,0.4492586553096771,0.2070101201534271,0.4778579771518707,0.4882277548313141,0.7246115803718567,0.7475538849830627,0.9103906750679016,0.9575446248054504,0.9432356953620912,-0.2261493504047393,-0.270416796207428,-0.1712020933628082,-0.269968718290329,0.108683243393898,-0.1712020933628082,-0.1419275552034378,-0.1902042180299759,0.2871924638748169,-0.2802109122276306,0.3890417218208313,-0.6657063961029053,0.2157566845417022,-0.9242534041404724,0.1644674241542816,-1.0197241306304932,0.0779732093214988,-1.0428131818771362,0.1795456409454345,-0.9396119117736816,0.1787597090005874,-0.1789086461067199,0.1635479032993316,-0.1680847704410552,0.5264101028442383,0.1144333928823471,0.5452767014503479,0.1278949230909347,0.3114527761936188,-0.2158213555812836,0,1
0.4071257412433624,0.4085723459720612,0.4132660329341888,0.3529284298419952,0.3895449042320251,0.3085358440876007,0.7957330346107483,0.5293436050415039,0.8575487732887267,0.8265292644500732,0.5674647688865662,0.5108081102371216,0.3277457654476166,0.5113465785980225,0.2803681790828705,0.0437614694237709,0.0220732875168323,0.0218745023012161,0.0216851904988288,0.0209765173494815,0.0273162424564361,0.0175219476222991,0.0294539779424667,0.0273162424564361,0.0621914938092231,0.0627219304442405,0.1688024699687957,0.1593698561191558,0.3115140199661255,0.2328561842441558,0.4299227595329284,0.1507079303264618,0.4668959677219391,0.1476397216320037,0.4683589041233063,0.1397718489170074,0.4583146572113036,0.144532099366188,0.4780969023704529,0.488179624080658,0.7246701121330261,0.7477060556411742,0.910495400428772,0.9586591720581056,0.9432228803634644,-0.2728233635425568,-0.319922924041748,-0.1759752184152603,-0.3195371627807616,0.093564860522747,-0.1759752184152603,-0.1904946267604828,-0.246009275317192,0.2735704779624939,-0.2954496741294861,0.3875731527805328,-0.8456687331199646,0.2469590753316879,-1.1228392124176023,0.1980767101049423,-1.2290968894958496,0.1092510148882866,-1.2187960147857666,0.2097929269075393,-1.1245845556259155,0.1772037744522094,-0.1773612797260284,0.1514836400747299,-0.1800828725099563,0.5588169693946838,0.1411382257938385,0.5787436366081238,0.1554772406816482,0.3375662565231323,-0.1925655603408813,0,1
0.416808009147644,0.4140127003192901,0.4184225797653198,0.3617331683635712,0.3971788585186004,0.3194174766540527,0.7601243853569031,0.5102287530899048,0.8070467710494995,0.7830860614776611,0.5393448472023009,0.5121532678604126,0.3307352364063263,0.514462411403656,0.2809931635856628,0.0444140806794166,0.0233383662998676,0.0235117692500352,0.0237634070217609,0.0217610262334346,0.0304515454918146,0.0189497135579586,0.0340749211609363,0.0304515454918146,0.064331330358982,0.0640052556991577,0.1791753470897674,0.1572844386100769,0.3260299265384674,0.1634030044078827,0.4430802762508392,0.0733374580740928,0.4815672039985657,0.064607486128807,0.4817360043525696,0.0630285143852233,0.472097784280777,0.0680108666419982,0.4781431555747986,0.4878939688205719,0.7247387766838074,0.7478230595588685,0.9108864665031432,0.9595059156417848,0.9434873461723328,-0.3080639839172363,-0.3643860220909119,-0.1878655701875686,-0.364274263381958,0.090246096253395,-0.1878655701875686,-0.2315988689661026,-0.3048643171787261,0.2949536144733429,-0.3865061104297637,0.3881241679191589,-1.130306363105774,0.2574375569820404,-1.4566277265548706,0.2125570029020309,-1.5824557542800903,0.1214950159192085,-1.5500085353851318,0.2181297987699508,-1.4519784450531004,0.193579688668251,-0.1936555504798889,0.1769576072692871,-0.1889243721961975,0.5792235136032104,0.1486645191907882,0.6010436415672302,0.165411964058876,0.3541204333305359,-0.2097563445568084,0,1
0.4338206350803375,0.4339364767074585,0.4375355243682861,0.3845714032649993,0.4058156311511993,0.3324417173862456,0.7273431420326234,0.4815885424613952,0.772731363773346,0.7553296685218811,0.510499119758606,0.5154540538787842,0.3348077237606048,0.5161027908325195,0.2822369337081908,0.0471375361084938,0.0252229757606983,0.0253631230443716,0.025542402639985,0.0236630551517009,0.0313860699534416,0.0206324011087417,0.0359374247491359,0.0313860699534416,0.0690225660800933,0.0691410452127456,0.1752663254737854,0.156232938170433,0.3260673582553863,0.1451212465763092,0.4474638104438782,0.0140149788931012,0.4916110038757324,-0.0152884144335985,0.4937241077423096,-0.0140023007988929,0.4835628569126128,0.0012250530999153,0.4781340956687927,0.4866727292537688,0.7257747650146483,0.7479411363601683,0.91200190782547,0.9601360559463502,0.9442272186279296,-0.3050020337104797,-0.3585520386695862,-0.1982259154319763,-0.3586341738700866,0.0972193479537963,-0.1982259154319763,-0.2195010036230087,-0.3023337423801422,0.2813575267791748,-0.3780244290828705,0.3883924186229706,-0.981542468070984,0.243524208664894,-1.123231530189514,0.1910171508789062,-1.2305601835250854,0.102378524839878,-1.2188228368759155,0.2055990993976592,-1.1244038343429563,0.1895697116851806,-0.1896924376487732,0.2151150405406952,-0.1764365136623382,0.6340881586074829,0.150895357131958,0.6595155596733093,0.1662991195917129,0.3835555911064148,-0.1905690878629684,0,1
0.4304812252521514,0.4301772713661194,0.434123396873474,0.380412459373474,0.4070330858230591,0.3319464325904846,0.7107951045036316,0.4596930146217345,0.7499985694885254,0.7357868552207946,0.479974776506424,0.5173349380493164,0.3405967354774475,0.5178766250610352,0.2834880948066711,0.0470828525722026,0.0253634937107563,0.0255565755069255,0.0257764793932437,0.0237609818577766,0.0320274457335472,0.0209406800568103,0.0367546789348125,0.0320274457335472,0.068648874759674,0.0687500685453414,0.1748733818531036,0.1488625705242156,0.3304353654384613,0.0489074885845184,0.454665333032608,-0.1294458359479904,0.4971908926963806,-0.1767071187496185,0.4999144077301025,-0.1759531944990158,0.4894134104251861,-0.1680733263492584,0.4782733023166656,0.4860135018825531,0.7258738875389099,0.748099386692047,0.9119618535041808,0.9593135714530944,0.9439616203308104,-0.5230530500411987,-0.5928171277046204,-0.4420353472232818,-0.5925735831260681,-0.1131004318594932,-0.4420353472232818,-0.4504445791244506,-0.5449694991111755,0.1442042738199234,-0.6325871944427489,0.3481621742248535,-1.320600509643555,0.2515434920787811,-1.41835355758667,0.2066151797771453,-1.558474898338318,0.1190871149301528,-1.5159788131713867,0.2126625031232833,-1.414932370185852,0.2063267529010772,-0.2065284699201584,0.3771274089813232,-0.1038117334246635,0.9043751955032348,0.3626122772693633,0.9410431981086732,0.3941475749015808,0.6563223004341124,0.0129569778218865,0,1
0.4329854249954224,0.4358938932418823,0.4396917521953583,0.3865453600883484,0.4165187776088714,0.3354487717151642,0.6702207922935486,0.4371542632579803,0.7062463760375977,0.6851844787597656,0.4181320071220397,0.5184921026229857,0.3458960950374603,0.5199718475341797,0.2852500379085541,0.0532467663288116,0.0321698151528835,0.0321750715374946,0.032122652977705,0.0302554182708263,0.0330935791134834,0.0263216290622949,0.0391350351274013,0.0330935791134834,0.0716179460287094,0.0720876604318618,0.1744269430637359,0.1429073363542556,0.3306381404399872,0.0328143946826458,0.4492737352848053,-0.1489035636186599,0.489806979894638,-0.1941529214382172,0.491923987865448,-0.1941648423671722,0.4781532287597656,-0.1875879466533661,0.480480283498764,0.4865391850471496,0.7259281873703003,0.7484586238861085,0.911900520324707,0.9592992067337036,0.9434150457382202,-0.5457363724708557,-0.6155135035514832,-0.4687253236770629,-0.6152651309967041,-0.1412266045808792,-0.4687253236770629,-0.4673225283622741,-0.5615710616111755,0.1330674737691879,-0.642415463924408,0.3692169189453125,-1.3187137842178345,0.2937449216842651,-1.4333535432815552,0.2644122540950775,-1.57427179813385,0.1687183231115341,-1.5346992015838623,0.2492606341838836,-1.431644320487976,0.2073288559913635,-0.2074772715568542,0.5019838809967041,-0.0282744597643613,0.9861574172973632,0.4222680032253265,1.019426941871643,0.4530281126499176,0.7238441705703734,0.0558819100260734,0,1
0.4389380514621735,0.4442623555660248,0.4475384950637817,0.4024907052516936,0.4242253303527832,0.349315196275711,0.6302141547203064,0.4085063934326172,0.6636046767234801,0.6374841332435608,0.391636162996292,0.5207945704460144,0.3515585660934448,0.5215922594070435,0.2876704633235931,0.0597648993134498,0.0399231202900409,0.03968545794487,0.039379097521305,0.0384982526302337,0.0358356051146984,0.0349678620696067,0.0428738817572593,0.0358356051146984,0.075879231095314,0.0761041492223739,0.1728894561529159,0.1380940079689026,0.3339409232139587,0.0195915345102548,0.4473524689674377,-0.1578382551670074,0.4884801805019378,-0.2005367577075958,0.4906457066535949,-0.2013047039508819,0.4744877815246582,-0.195934846997261,0.4810657501220703,0.4865857064723969,0.7259491682052611,0.7484861016273497,0.9118782877922058,0.9588000178337096,0.9431225657463072,-0.4964480400085448,-0.5724273920059204,-0.4838547110557556,-0.5722101926803589,-0.1254125237464904,-0.4838547110557556,-0.4155573844909668,-0.5177134871482849,0.1499143242835998,-0.6356138586997986,0.4181154072284697,-1.233199954032898,0.2917107343673706,-1.2914559841156004,0.2622638940811156,-1.4188629388809204,0.1627320349216461,-1.3883246183395384,0.2428503632545471,-1.2902605533599851,0.2063333541154861,-0.2063921391963958,0.5021533370018004,-0.0185762755572795,0.9459256529808044,0.3912392854690552,0.9762001633644104,0.4188989996910095,0.6906095743179321,0.0312332212924957,0,1
0.4485512673854828,0.4545555412769317,0.4576529264450072,0.417545348405838,0.4357374906539917,0.3674141466617584,0.6227052211761475,0.4029377698898315,0.6455065608024597,0.6259162425994873,0.3961650133132935,0.5278747081756592,0.3567560911178589,0.5229000449180603,0.2907803058624267,0.0624274909496307,0.0417871214449405,0.041582278907299,0.041361428797245,0.0404475219547748,0.0370084270834922,0.0375619083642959,0.0442362539470195,0.0370084270834922,0.0789818838238716,0.0787990763783454,0.172055184841156,0.1353131830692291,0.3347208797931671,0.0074487887322902,0.4518971443176269,-0.1662996113300323,0.4914420545101166,-0.1928366422653198,0.4935095310211181,-0.2088552713394164,0.477421909570694,-0.1783766448497772,0.4810821115970612,0.4868461191654205,0.7260182499885558,0.7485831379890442,0.9119615554809568,0.9583728909492492,0.9431077837944032,-0.4541516602039336,-0.5293965339660645,-0.4592240750789642,-0.5290583372116089,-0.101538635790348,-0.4592240750789642,-0.3767167031764984,-0.4778358042240143,0.1631345897912979,-0.599235475063324,0.4714875519275665,-1.0765645503997805,0.2937605381011963,-0.9011826515197754,0.2618756890296936,-1.0079709291458128,0.1605088859796524,-0.9745354652404784,0.2438907474279404,-0.8953535556793213,0.2045445144176483,-0.2045382857322693,0.4797326922416687,-0.0202776454389095,0.8984113931655883,0.363425999879837,0.9273567199707032,0.3893724083900452,0.650906503200531,0.0113338995724916,0,1
0.4592932760715484,0.4628698527812958,0.4653746783733368,0.4263226091861725,0.4386619925498962,0.3770717084407806,0.60182785987854,0.3965737521648407,0.6240922212600708,0.6083490252494812,0.3969309031963348,0.5315489768981934,0.3633430898189544,0.5231606960296631,0.2941370606422424,0.0617865696549415,0.0412536598742008,0.0411282107234001,0.0410063453018665,0.039769060909748,0.0374382957816124,0.0371279306709766,0.0440848991274833,0.0374382957816124,0.0786016061902046,0.0781516879796981,0.1690192967653274,0.1346530169248581,0.3330234289169311,0.0041779349558055,0.4481286406517029,-0.1559240072965622,0.4874538481235504,-0.1811495721340179,0.487654834985733,-0.1823868006467819,0.4759034514427185,-0.1671579331159591,0.4779611527919769,0.4839558005332946,0.7255276441574096,0.7475588917732239,0.9126838445663452,0.9571701884269712,0.9433462023735046,-0.3478321135044097,-0.4246262907981872,-0.4462286233901977,-0.4240966737270355,-0.0567750670015811,-0.4462286233901977,-0.2730080783367157,-0.3761827349662781,0.2012255489826202,-0.5574371814727783,0.518251359462738,-0.915251851081848,0.3100792169570923,-0.6938104629516602,0.2672915756702423,-0.7883937358856201,0.1622579246759414,-0.7665947079658508,0.2529894411563873,-0.6917107701301575,0.2008725106716156,-0.2006225734949112,0.4303568601608276,-0.0350687466561794,0.7872406244277954,0.2899844348430633,0.806946337223053,0.3087636828422546,0.5490635633468628,-0.0355874709784984,0,1
0.4723036885261536,0.4732188880443573,0.4750257730484009,0.4371994733810425,0.4434308409690857,0.3871930539608001,0.5769059062004088,0.3882313966751098,0.5924009680747986,0.5779192447662354,0.3950092196464538,0.5335192084312439,0.3641002178192138,0.5234293937683105,0.2980993092060088,0.0609682500362396,0.0406268015503883,0.0405149608850479,0.0403693206608295,0.0390741303563118,0.0373290106654167,0.0362535193562507,0.0438540503382682,0.0373290106654167,0.0779791921377182,0.0777364149689674,0.1651400178670883,0.1356284618377685,0.3278164863586426,0.0096493195742368,0.4393289089202881,-0.1400040984153747,0.4707109928131104,-0.1676649153232574,0.4763232171535492,-0.188133642077446,0.4616077840328216,-0.1531226933002472,0.4771877229213714,0.4832631647586823,0.7252589464187622,0.7461754679679871,0.9129730463027954,0.9571520686149596,0.9436017870903016,-0.2619244158267975,-0.3383794724941253,-0.3689642250537872,-0.3379037976264953,0.01513756159693,-0.3689642250537872,-0.1918926239013672,-0.2955296635627746,0.2374130189418792,-0.4441183805465697,0.5634680986404419,-0.7677182555198668,0.3774401843547821,-0.5300240516662598,0.327427327632904,-0.6113911271095276,0.2262424826622008,-0.5879384279251099,0.3210281133651733,-0.5276920795440674,0.1880551874637604,-0.187688872218132,0.3706218004226684,-0.0404320284724235,0.607509970664978,0.1829770356416702,0.6198826432228088,0.1954099684953689,0.3666982054710388,-0.136705532670021,0,1
0.4802562594413757,0.4780613780021667,0.4793026745319366,0.440398633480072,0.443064272403717,0.3890409767627716,0.5269590616226196,0.388591855764389,0.5209062099456787,0.4978245496749877,0.3965699076652527,0.5352933406829834,0.3690021634101868,0.5242595076560974,0.301534354686737,0.0608312375843524,0.0400771722197532,0.0398917533457279,0.0397141426801681,0.0387982167303562,0.0369046963751316,0.0360214710235595,0.0431052818894386,0.0369046963751316,0.0777838081121444,0.0771520435810089,0.1587797552347183,0.1341380923986435,0.1719497740268707,0.0032066677231341,0.1231577768921852,-0.1619004756212234,0.1158986911177635,-0.1935699880123138,0.1089033037424087,-0.210398718714714,0.111457347869873,-0.1784501373767852,0.4759179651737212,0.481982409954071,0.7245055437088013,0.7453885674476622,0.9142659306526184,0.9581759572029112,0.9449021220207214,-0.0619142167270183,-0.1485204547643661,-0.201657235622406,-0.1482082307338714,0.210450991988182,-0.201657235622406,-0.0039655352011322,-0.1226264387369155,0.4135982394218445,-0.3584267497062683,0.8015764951705933,-0.7002758383750916,0.829899787902832,-0.4697655439376831,0.8304847478866577,-0.4977740943431854,0.8192323446273804,-0.4981341063976288,0.814937949180603,-0.4635265469551086,0.1922276765108108,-0.1921321302652359,0.3330102562904357,-0.1314398199319839,0.4947859942913056,0.0553807094693183,0.4955354928970337,0.0603500455617904,0.2532891929149628,-0.2828453183174133,0,1
0.4897131621837616,0.485018253326416,0.4855639934539794,0.4491793811321258,0.4449444711208344,0.3964981138706207,0.474179744720459,0.3908072113990784,0.4513138234615325,0.4312388896942138,0.3974454998970032,0.5366960167884827,0.3773232698440552,0.5242614150047302,0.305427610874176,0.0601897835731506,0.0393792018294334,0.0392227545380592,0.0390724018216133,0.0380672216415405,0.0367456451058387,0.0353233590722084,0.0428697206079959,0.0367456451058387,0.0774071589112282,0.0769397839903831,0.1548725217580795,0.1328300684690475,0.0315779671072959,0.0030829769093543,-0.0919400006532668,-0.1657941937446594,-0.125969648361206,-0.2004682719707488,-0.1285685747861862,-0.2125038653612136,-0.1150312051177024,-0.1885492205619812,0.4759950041770935,0.4821488857269287,0.7243267893791199,0.7453643083572388,0.9166001081466676,0.9610818028450012,0.9481099247932434,-0.0075647816993296,-0.1024267822504043,-0.1933041512966156,-0.1020395085215568,0.2543700933456421,-0.1933041512966156,0.0523348525166511,-0.0784306526184081,0.4208310842514038,-0.3546942472457886,0.6515228748321533,-0.6584087610244751,0.446296364068985,-0.4049921631813049,0.3764167726039886,-0.4227004647254944,0.7845630049705505,-0.4250709116458893,0.4849146902561188,-0.3938435912132263,0.209013134241104,-0.2092406600713729,0.3339644968509674,-0.159246563911438,0.4999466240406036,0.0431784428656101,0.5024486780166626,0.0490277186036109,0.283298760652542,-0.2877781093120575,0,1
0.4949836730957031,0.4890432059764862,0.4893937408924103,0.4539842009544372,0.4472233355045319,0.4011071026325226,0.473474383354187,0.388926088809967,0.4553970396518707,0.4311791658401488,0.3973160982131958,0.5371699333190918,0.3846628069877625,0.5242630839347839,0.3080829083919524,0.0602314285933971,0.0392914488911628,0.03915386646986,0.0390190072357654,0.0380223914980888,0.0371518284082412,0.0355456918478012,0.0431305840611457,0.0371518284082412,0.0774262174963951,0.0768598169088363,0.1531626284122467,0.1336111575365066,0.018402125686407,-0.0023389528505504,-0.1357873380184173,-0.1712039560079574,-0.1737749427556991,-0.206442266702652,-0.1755256950855255,-0.2250896990299224,-0.1607009470462799,-0.1968962401151656,0.4775780141353607,0.4825235009193421,0.7233957648277282,0.7447624206542968,0.918813705444336,0.9632596969604492,0.9514430165290833,-0.026134718209505,-0.1209891736507415,-0.2224822640419006,-0.1205232515931129,0.2217914164066314,-0.2224822640419006,0.033139482140541,-0.0978904739022254,0.3717588186264038,-0.3763779997825623,0.4443985819816589,-0.6676676869392395,0.0470074564218521,-0.4436754882335663,-0.0473307706415653,-0.4726174175739288,0.0010249010520055,-0.4703511595726012,0.0321783162653446,-0.43258997797966,0.2158833891153335,-0.2161682099103928,0.3343670666217804,-0.160806268453598,0.5038363933563232,0.0389862023293972,0.5069090127944945,0.0444054529070854,0.30636927485466,-0.2764978110790252,0,1
0.4959459602832793,0.4896931052207946,0.4906289875507354,0.4531390666961669,0.4521875083446503,0.403558611869812,0.470532476902008,0.3665950894355773,0.4550976753234863,0.4300217628479004,0.3740094900131225,0.5403481721878052,0.3868482708930968,0.5243783593177795,0.3106522560119629,0.0609972067177295,0.0396410264074802,0.0396237447857856,0.0396536625921726,0.0383706130087375,0.0387561880052089,0.0363153032958507,0.044925220310688,0.0387561880052089,0.0782026797533035,0.0776547789573669,0.153220996260643,0.135445088148117,0.0114462850615382,-0.0056814858689904,-0.1438214629888534,-0.1852538287639617,-0.181328922510147,-0.2208680361509323,-0.1827940642833709,-0.2416348755359649,-0.1685431897640228,-0.2117664068937301,0.4837326407432556,0.487058699131012,0.7209532260894774,0.7446402311325073,0.919036865234375,0.9654518365859984,0.9529465436935424,-0.0787845999002456,-0.1683972179889678,-0.2415725141763687,-0.1679677963256836,0.1783732920885086,-0.2415725141763687,-0.0200146660208702,-0.1434699445962906,0.3603959381580353,-0.3900773823261261,0.3499684035778045,-0.6980915665626526,-0.0328804664313793,-0.5304489731788635,-0.1318868994712829,-0.5739205479621887,-0.1231748387217521,-0.5694076418876648,-0.0568044148385524,-0.5227885842323303,0.2158876210451126,-0.2161380350589752,0.3308445513248444,-0.167384847998619,0.49011492729187,0.0288829822093248,0.4933697283267975,0.0331912077963352,0.2887585461139679,-0.2974801063537597,0,1
0.49798846244812,0.4917877912521362,0.4930581748485564,0.4536930918693542,0.4558170437812804,0.4058650135993957,0.4708454608917236,0.3573257327079773,0.4492730498313904,0.4229909777641296,0.3630513548851012,0.5454182624816896,0.389498382806778,0.5275512933731079,0.3125262260437012,0.0619337558746337,0.0408482253551483,0.0408431552350521,0.0408656038343906,0.0396798215806484,0.0403740406036376,0.0378156378865242,0.0460191927850246,0.0403740406036376,0.0786332413554191,0.0781548917293548,0.1525745540857315,0.1359350532293319,0.0092815309762954,-0.0100159812718629,-0.163436084985733,-0.1916207671165466,-0.1900769472122192,-0.2248683273792266,-0.1918085068464279,-0.2509801089763641,-0.1775842010974884,-0.2167606353759765,0.4843885898590088,0.4882512986660004,0.7188371419906616,0.7446581125259398,0.9189581871032714,0.9655868411064148,0.9537723660469056,-0.0666586235165596,-0.1562964022159576,-0.2446710169315338,-0.1559047102928161,0.1781334578990936,-0.2446710169315338,-0.0101217431947588,-0.1340255588293075,0.3590314090251922,-0.3871399462223053,0.3274167478084564,-0.6752374768257141,-0.0471597127616405,-0.5138105154037476,-0.1508939862251281,-0.5576848387718201,-0.1501418948173522,-0.5557514429092407,-0.0740277469158172,-0.5072070360183716,0.2149747610092163,-0.2152156233787537,0.3117808401584624,-0.1723940074443817,0.467205822467804,0.0297041106969118,0.4704666137695313,0.0339761935174465,0.2608563005924225,-0.304507315158844,0,1
0.5014798045158385,0.4944075345993041,0.4958987236022948,0.4545628726482391,0.4581599235534668,0.4062700867652893,0.4685472846031189,0.3613710105419159,0.4514898955821991,0.4252170622348785,0.365361362695694,0.549666702747345,0.3932251334190368,0.5298426151275635,0.3147632777690887,0.0617829672992229,0.0407355725765228,0.0407188683748245,0.0407203063368797,0.03946328535676,0.0403587035834789,0.0375027991831302,0.0458236262202262,0.0403587035834789,0.078447014093399,0.0780502036213874,0.1524165719747543,0.1361807733774185,0.009362868964672,-0.0106320409104228,-0.1620149463415146,-0.1916601359844208,-0.201271653175354,-0.2267006933689117,-0.2023295909166336,-0.2348270416259765,-0.187372475862503,-0.2187474220991134,0.4849205911159515,0.488741397857666,0.7170247435569763,0.7448318600654602,0.918263792991638,0.9662504196166992,0.9535551071166992,-0.0577265843749046,-0.1476244330406188,-0.2365683913230896,-0.1472216695547104,0.1913802474737167,-0.2365683913230896,-0.0006325823487713,-0.1249987632036209,0.3394674062728882,-0.3763219714164733,0.3230014741420746,-0.6583038568496704,-0.0397785864770412,-0.4651845395565033,-0.1432215869426727,-0.4995664954185486,-0.1378782093524933,-0.4936390221118927,-0.0649579837918281,-0.4558342099189758,0.2144111841917037,-0.2146570831537246,0.3103432357311249,-0.1729220598936081,0.473632514476776,0.0280850194394588,0.4776647388935088,0.0317667126655578,0.2688297629356384,-0.3135409951210021,0,1
0.5063277482986449,0.4985748827457428,0.499868780374527,0.4583810269832611,0.461835891008377,0.4106937050819397,0.4637022614479065,0.3615090250968932,0.4472027719020844,0.4224140048027039,0.3681870400905608,0.5539578795433044,0.3961710631847381,0.5310436487197876,0.3162261545658111,0.0616816766560077,0.0405935272574424,0.0405383892357349,0.0405255332589149,0.0393341369926929,0.0402983054518699,0.0372857190668582,0.04576326161623,0.0402983054518699,0.0783111080527305,0.077909454703331,0.1517970263957977,0.1358211785554886,0.0042516090907156,-0.015284682624042,-0.1637581288814544,-0.204901248216629,-0.2020255327224731,-0.2358612567186355,-0.202978178858757,-0.2613536417484283,-0.188408225774765,-0.2278790771961212,0.4866325259208679,0.4905795454978943,0.7169607877731323,0.7455919981002807,0.9174987077713012,0.9675320386886596,0.9534425735473632,-0.0618042200803756,-0.1545704156160354,-0.2393314987421036,-0.154175192117691,0.1831649392843246,-0.2393314987421036,-0.0050406465306878,-0.132999300956726,0.3292846083641052,-0.3818916380405425,0.3317443132400512,-0.688298225402832,-0.0237910356372594,-0.5070527791976929,-0.1256144493818283,-0.5438972115516664,-0.1226653978228569,-0.5388438105583191,-0.0500348657369613,-0.4984409809112549,0.2133048325777053,-0.2135393321514129,0.3180042803287506,-0.1661608070135116,0.507531464099884,0.0550870224833488,0.5143091678619385,0.0617596358060836,0.2964513003826141,-0.282945454120636,0,1
0.5159391164779663,0.5061773657798767,0.5068639516830444,0.4663789868354797,0.4654372334480285,0.4155757427215576,0.4659087359905242,0.3538538813591003,0.4483765363693237,0.4252556562423705,0.3662143647670746,0.5544627904891968,0.3966666460037232,0.5321319699287416,0.318882018327713,0.0599003322422504,0.0390101745724678,0.0390022099018096,0.0390598624944686,0.0379303507506847,0.0400577560067176,0.0361043140292167,0.0452916249632835,0.0400577560067176,0.0772124081850051,0.076636716723442,0.1512180715799331,0.1350844204425811,0.0010544981341809,-0.0148490127176046,-0.1565573066473007,-0.2014493197202682,-0.1958304643630981,-0.2538878917694092,-0.1969586759805679,-0.2632293701171875,-0.1819592416286468,-0.2214788943529128,0.4856963157653808,0.4898580014705657,0.715653657913208,0.745445430278778,0.9169521331787108,0.9701342582702636,0.9524291157722472,-0.047649398446083,-0.1419701725244522,-0.2356399595737456,-0.1415760070085525,0.2078564316034316,-0.2356399595737456,0.0091365715488791,-0.1212855875492096,0.3280998468399048,-0.3744134306907654,0.3557535409927368,-0.6751924157142639,0.0327997393906116,-0.4520497620105744,-0.061211846768856,-0.4763593375682831,-0.0588845983147621,-0.4689041972160339,0.0073811691254377,-0.4415929913520813,0.2120434194803237,-0.2122322767972946,0.314707338809967,-0.1726868897676468,0.4852727353572845,0.0246671568602323,0.4888341724872588,0.0272414237260818,0.2744369208812713,-0.3285980224609375,0,1
0.5188765525817871,0.5097955465316772,0.5104021430015564,0.4705173373222351,0.4691072106361388,0.4197008311748504,0.4712694883346557,0.3543932139873504,0.4558524787425994,0.4322460293769837,0.3659971356391906,0.5589940547943115,0.3984380960464477,0.534155547618866,0.3228018283843994,0.0591494068503379,0.0387130454182624,0.038675133138895,0.0387203507125377,0.0378525592386722,0.0402237847447395,0.0359983779489994,0.045237585902214,0.0402237847447395,0.0765858739614486,0.076135016977787,0.1511028558015823,0.1349075883626938,-0.0027816586662083,-0.0146062765270471,-0.1704397052526474,-0.1997927129268646,-0.2098174393177032,-0.2402807176113128,-0.2117783725261688,-0.2475626021623611,-0.1973742842674255,-0.2276233434677124,0.4845376014709472,0.4887406229972839,0.7148171663284302,0.7446823120117188,0.9168646931648254,0.9702982902526855,0.9520710706710817,-0.053621158003807,-0.1447118371725082,-0.2320939153432846,-0.1443348079919815,0.200903832912445,-0.2320939153432846,0.0010360199958086,-0.1247806474566459,0.3172039985656738,-0.3764097988605499,0.309898167848587,-0.691474974155426,-0.0567103959619998,-0.4646911323070526,-0.1647561192512512,-0.484396368265152,-0.1701536327600479,-0.4775067269802093,-0.0880751237273216,-0.4512481987476349,0.2071045190095901,-0.2071390748023986,0.2860324382781982,-0.1909400522708892,0.4574670195579529,0.0012059174478054,0.4600830376148224,0.0022431849502027,0.2305948883295059,-0.3702708482742309,0,1
0.5176959037780762,0.509239673614502,0.5099266171455383,0.4705545306205749,0.4697107076644897,0.4205797910690308,0.4728207588195801,0.3545365929603576,0.456514447927475,0.4326435923576354,0.3644214272499085,0.558696448802948,0.3978733420372008,0.537280797958374,0.3233479261398315,0.058369230479002,0.0380835086107254,0.037967212498188,0.037937942892313,0.0374897643923759,0.0402155704796314,0.0358245782554149,0.0448852963745594,0.0402155704796314,0.0758992433547973,0.0755885988473892,0.1489166021347046,0.1329477727413177,-0.0083076823502779,-0.0194687377661466,-0.1791583001613616,-0.2059850394725799,-0.2184025943279266,-0.2458376437425613,-0.2208434343338012,-0.2524167001247406,-0.2064961940050124,-0.2380365580320358,0.4845109879970551,0.4887588620185852,0.7137752175331116,0.7446846961975098,0.9165153503417968,0.9702113270759584,0.9516474604606628,-0.0649752393364906,-0.155348464846611,-0.2363060563802719,-0.1549956649541854,0.19135282933712,-0.2363060563802719,-0.0101620266214013,-0.1346143782138824,0.2989267408847809,-0.3769379854202271,0.2994601130485534,-0.7192186713218689,-0.0819843038916587,-0.6124711632728577,-0.1935976445674896,-0.6650508046150208,-0.2015350759029388,-0.6575955748558044,-0.1150389686226844,-0.6061463356018065,0.2046310454607009,-0.2045643329620361,0.2866224646568298,-0.194861501455307,0.4753144979476928,0.0051072565838694,0.4796797931194305,0.0069474158808588,0.2490327805280685,-0.3702384233474731,0,1
0.5176128149032593,0.5095860362052916,0.5101919174194336,0.4720188081264496,0.4696883857250213,0.4217970073223113,0.4702957570552825,0.3570356667041778,0.4530186951160431,0.4291161894798279,0.3656531572341919,0.5581598281860352,0.3976334035396576,0.539307713508606,0.3228887021541595,0.0583082139492034,0.0380193702876567,0.037916924804449,0.037898950278759,0.0374006256461143,0.0403121337294578,0.0357395336031913,0.0447740256786346,0.0403121337294578,0.0758076310157775,0.0755277350544929,0.1472420692443847,0.1310560852289199,-0.0068677677772939,-0.0239309724420309,-0.1768619567155838,-0.211740344762802,-0.2171778678894042,-0.2657740414142608,-0.2193500101566314,-0.2837567925453186,-0.204403206706047,-0.240507647395134,0.4883498251438141,0.4932492673397064,0.7129570841789246,0.74613356590271,0.9153512716293336,0.9701029658317566,0.9502527117729188,-0.0618187747895717,-0.1543810218572616,-0.2414852529764175,-0.1540330499410629,0.18692447245121,-0.2414852529764175,-0.0076849544420838,-0.1348973661661148,0.28310826420784,-0.3811202049255371,0.299371600151062,-0.7256295680999757,-0.074396513402462,-0.6142736673355104,-0.1856751292943954,-0.6659122705459595,-0.1890104115009308,-0.6586392521858215,-0.1054771766066551,-0.6081170439720154,0.1945571303367614,-0.1943953037261963,0.2891006767749786,-0.1870569288730621,0.4880597293376922,0.0190319344401359,0.4935180246829986,0.018622538074851,0.2648517191410064,-0.3576782643795013,0,1
0.5168320536613464,0.5087695717811584,0.50934237241745,0.47164186835289,0.4688549041748047,0.4211451113224029,0.4736301004886627,0.3676664233207703,0.4521670043468475,0.4273247122764587,0.3727776110172272,0.5577325820922852,0.3979721367359161,0.5400654673576354,0.3226857483386993,0.0582529231905937,0.0379460304975509,0.0378656312823295,0.0378716103732585,0.0373106375336647,0.040285550057888,0.0356842093169689,0.0446836575865745,0.040285550057888,0.0757759660482406,0.075489655137062,0.1462780535221099,0.1297882497310638,-0.0085168089717626,-0.0228082425892353,-0.1787960827350616,-0.2128255069255828,-0.2179546356201172,-0.2712572515010834,-0.2207471579313278,-0.2885652780532837,-0.2056508362293243,-0.2439647614955902,0.4905572533607482,0.496184915304184,0.7102359533309937,0.7468589544296264,0.9138458371162416,0.9700506329536436,0.9493498802185056,-0.0608815029263496,-0.1556741744279861,-0.2561774253845215,-0.1553113460540771,0.1841077804565429,-0.2561774253845215,-0.0064565478824079,-0.1363989561796188,0.2757974863052368,-0.4038639962673187,0.3005741834640503,-0.7409292459487915,-0.080152191221714,-0.6158075332641602,-0.192624032497406,-0.6662852168083191,-0.1947629898786544,-0.6596093773841858,-0.1109141483902931,-0.6093594431877136,0.1922321319580078,-0.1920355409383773,0.2925414443016052,-0.1759039312601089,0.5078758001327515,0.0490131340920925,0.516296923160553,0.0512440726161003,0.3042246401309967,-0.3200553655624389,0,1
0.5169559717178345,0.5088049173355104,0.509283185005188,0.4728561341762543,0.4684181213378905,0.4224732220172881,0.4713972806930541,0.3791970014572144,0.4531922936439513,0.4283512532711029,0.3857140839099884,0.5573640465736389,0.3982797861099243,0.5408883690834044,0.3227872550487518,0.0582019388675689,0.0378323644399642,0.03769101947546,0.0376320779323577,0.0371540151536464,0.039649486541748,0.0353457108139991,0.0439496524631977,0.039649486541748,0.0757240131497383,0.0754545927047729,0.1461529582738876,0.1276662051677703,-0.0034967337269335,-0.019553568214178,-0.1601541340351104,-0.2103105038404464,-0.198523461818695,-0.2715741395950317,-0.2010383307933807,-0.2820566594600677,-0.1865161955356597,-0.2396120727062225,0.4907917380332946,0.4967640042304992,0.707800030708313,0.7470161318778991,0.9135558009147644,0.9700077772140504,0.9492379426956176,-0.0441082864999771,-0.1453725397586822,-0.2655297517776488,-0.144961267709732,0.1976540833711624,-0.2655297517776488,0.0121452175080776,-0.1269495636224746,0.293539822101593,-0.4248170554637909,0.3587105572223663,-0.7643873691558838,-0.0342051535844802,-0.6152925491333008,-0.1498181074857711,-0.6559809446334839,-0.1368424147367477,-0.6533433198928833,-0.0633178725838661,-0.6075987219810486,0.1929295808076858,-0.1927033513784408,0.3046895861625671,-0.1738424599170684,0.5096452236175537,0.0518596693873405,0.5183755159378052,0.0550634451210498,0.307786464691162,-0.3129097521305084,0,1
0.5161514878273009,0.5081328749656677,0.5086629986763,0.4722740948200226,0.468302458524704,0.4227655231952667,0.4690361022949218,0.3867661654949188,0.4508935809135437,0.4242206513881683,0.3871102929115296,0.5582342147827148,0.3980197608470917,0.5418574810028076,0.3231757581233978,0.0586864463984966,0.0381084196269512,0.0378631018102169,0.0377069190144538,0.0373642779886722,0.039662979543209,0.0353848338127136,0.0439235568046569,0.039662979543209,0.0759483650326728,0.0755676552653312,0.1439623683691024,0.1266395449638366,-0.0107488585636019,-0.0202127248048782,-0.1741742193698883,-0.2105121314525604,-0.2189401090145111,-0.2727780342102051,-0.2213334292173385,-0.2851106822490692,-0.2068499773740768,-0.2427714765071869,0.4876769483089447,0.4936290383338928,0.7078806161880493,0.7469884753227235,0.9134472608566284,0.9699277877807616,0.9486791491508484,-0.0434436202049255,-0.1434264779090881,-0.2659856081008911,-0.1430415958166122,0.1972929835319519,-0.2659856081008911,0.012486670166254,-0.1248138844966888,0.2933813631534576,-0.430730402469635,0.3242356181144714,-0.7780861854553223,-0.1154295355081558,-0.6586850285530089,-0.2373211979866028,-0.7112402319908142,-0.24504716694355,-0.7107171416282654,-0.1508473306894302,-0.6520678997039795,0.1934820562601089,-0.1932246536016464,0.3019619286060332,-0.1926052570343017,0.5066000819206238,0.0260882321745157,0.513570249080658,0.028800556436181,0.2916657328605652,-0.3509107530117035,0,1
0.5136095881462097,0.5069080591201782,0.5078006982803345,0.4720025360584259,0.4680382311344146,0.4221504628658295,0.4710415303707122,0.4019666314125061,0.4523913562297821,0.4259310960769653,0.4044473767280578,0.562498927116394,0.3978486657142639,0.5427575707435608,0.3236585557460785,0.0592063255608081,0.0388444438576698,0.0387025289237499,0.0386608429253101,0.0377051308751106,0.0401982143521308,0.0355467833578586,0.0447022579610347,0.0401982143521308,0.0763041749596595,0.0757090598344802,0.1440188884735107,0.1266578435897827,-0.0118389278650283,-0.0234369318932294,-0.1737588196992874,-0.2138600051403045,-0.2177712172269821,-0.2787056267261504,-0.2208046913146973,-0.2912313342094421,-0.2066425085067748,-0.2476479560136795,0.487025499343872,0.4925992488861084,0.7080498933792113,0.746884286403656,0.9131436347961424,0.9692022204399108,0.946471393108368,-0.0429113358259201,-0.1414662599563598,-0.2658243179321289,-0.1411208063364029,0.196067601442337,-0.2658243179321289,0.0127197559922933,-0.1226584762334823,0.2957615852355957,-0.4383274018764496,0.3265731036663055,-0.8224203586578369,-0.1020649075508117,-0.737524926662445,-0.2165812402963638,-0.8005555868148804,-0.225091591477394,-0.7936172485351561,-0.1364805698394775,-0.7297084331512451,0.1934714168310165,-0.1932151615619659,0.3010371029376984,-0.2031129151582717,0.5106017589569092,0.0279325041919946,0.517825722694397,0.0315230675041675,0.2931781113147735,-0.3540815412998199,0,1
0.5035994648933411,0.5001497864723206,0.5025617480278015,0.4608699381351471,0.4679059684276581,0.4161352515220641,0.6040324568748474,0.4103682339191437,0.6151473522186279,0.6113197803497313,0.423509418964386,0.5621646642684937,0.3955056369304657,0.5430862903594971,0.3231501579284668,0.0592110864818096,0.0388486571609973,0.0387234538793563,0.038700945675373,0.0376639515161514,0.0400490127503871,0.0355261787772178,0.0447545163333416,0.0400490127503871,0.0762861892580985,0.0756909027695655,0.1462195217609405,0.1265418827533722,0.2567701041698456,-0.022289153188467,0.396153062582016,-0.2188184708356857,0.4269771575927734,-0.2867469489574432,0.4274281859397888,-0.3044266998767853,0.423111617565155,-0.2482357919216156,0.4870274662971496,0.4927621483802795,0.7088478207588196,0.7469363808631898,0.9112221598625184,0.9689142107963562,0.94357430934906,-0.1131754219532012,-0.2068857997655868,-0.2775428593158721,-0.2067379057407379,0.1575111299753189,-0.2775428593158721,-0.050461858510971,-0.1749151051044464,0.3422795534133911,-0.4974122643470764,0.6049990057945251,-0.9625313878059388,0.3329953849315644,-0.8504965901374816,0.2962723672389984,-0.9258786439895628,0.199935108423233,-0.8935872316360474,0.2752186954021454,-0.8382458090782164,0.1926258355379105,-0.1922217756509781,0.3061010539531708,-0.2170774638652801,0.6168873906135559,0.0371820963919162,0.635221540927887,0.0474729016423225,0.383473128080368,-0.344794362783432,0,1
0.4980053305625916,0.496134489774704,0.4992912411689758,0.4539825916290283,0.4677813947200775,0.4121994078159332,0.6520700454711914,0.4362623989582062,0.6748607754707336,0.6653425693511963,0.434758335351944,0.5540843605995177,0.3885141015052795,0.5430932641029358,0.3213596045970917,0.0592172145843505,0.0388247892260551,0.0386875160038471,0.0386580899357795,0.0374376066029071,0.0388194471597671,0.0347738303244113,0.0447003990411758,0.0388194471597671,0.0762727782130241,0.0756420120596885,0.1504643261432647,0.1266029477119445,0.3251375555992126,-0.0116232736036181,0.4552926123142242,-0.2151407897472381,0.4948352873325348,-0.2789718806743622,0.4972735941410064,-0.2995054125785828,0.4813894629478455,-0.2500608265399933,0.4870677590370177,0.4929046630859375,0.7089439630508423,0.7468433976173402,0.9095786809921264,0.9686086773872375,0.941001296043396,-0.2453995198011398,-0.3346594572067261,-0.3628880381584168,-0.3344071209430694,0.0485346093773841,-0.3628880381584168,-0.183389276266098,-0.3017605543136596,0.2780644595623016,-0.5673120021820068,0.5205512642860413,-1.020869731903076,0.2816124260425568,-0.8696238994598388,0.2514365315437317,-0.9477412104606628,0.149949312210083,-0.9123536944389344,0.2236615270376205,-0.8592590093612672,0.18781778216362,-0.1874434798955917,0.3214277029037475,-0.211366668343544,0.6888682246208191,0.0882240980863571,0.7129803895950316,0.1039522066712379,0.4528797268867492,-0.3120552599430084,0,1
0.4912048876285553,0.4909828603267669,0.4953130185604096,0.4446474611759186,0.4674782752990722,0.405092567205429,0.7111384272575377,0.4427960813045501,0.7439241409301757,0.7281046509742736,0.4507313668727874,0.5501812696456909,0.3818188905715942,0.5430760383605957,0.3170549869537353,0.0615952685475349,0.0409401431679725,0.040766667574644,0.0406988076865673,0.0392305552959442,0.0415787808597087,0.036313958466053,0.0467714630067348,0.0415787808597087,0.0779852867126464,0.0770914256572723,0.1622123271226883,0.129680648446083,0.3341134488582611,-0.001367900869809,0.4439698159694672,-0.2142644226551056,0.4836485981941223,-0.2726658284664154,0.4834930896759032,-0.2927809953689575,0.4700860381126404,-0.2465975284576416,0.4908713698387145,0.4969840943813324,0.7121893167495728,0.7472869157791138,0.9091017842292785,0.9670817255973818,0.9402889013290404,-0.2431687712669372,-0.3296023309230804,-0.3551704287528992,-0.3292862176895141,0.0439371280372142,-0.3551704287528992,-0.1838537007570266,-0.2983624339103699,0.2544949352741241,-0.5646247863769531,0.4942529499530792,-1.019120216369629,0.3157208561897278,-0.8536557555198668,0.2899191379547119,-0.9327468276023864,0.1896616220474243,-0.8990195393562317,0.2610394060611725,-0.845454216003418,0.1679916828870773,-0.1675675809383392,0.3183956444263458,-0.1730318516492843,0.6917384266853333,0.1715587526559829,0.7183052897453308,0.1902564316987991,0.4740740060806274,-0.2039307206869125,0,1
0.4678382575511932,0.4655823111534119,0.4715029299259186,0.4174394309520721,0.4531479775905608,0.3818002343177795,0.7340894341468811,0.4657571017742157,0.7656985521316528,0.751536726951599,0.4619227051734924,0.5438042879104614,0.3762653470039368,0.5409973859786987,0.3102090954780578,0.0614579133689403,0.0409222617745399,0.0408060029149055,0.040845051407814,0.0392757318913936,0.0458576530218124,0.0366757735610008,0.0504084005951881,0.0458576530218124,0.0777507796883583,0.0768694430589675,0.1735763102769851,0.1353798657655716,0.3332317769527436,0.0081555387005209,0.44264617562294,-0.198351353406906,0.4814499318599701,-0.2484746724367141,0.4818200469017029,-0.2532658278942108,0.4688482880592345,-0.2290249168872832,0.4990032613277435,0.5022505521774292,0.7143722772598267,0.7484618425369263,0.9093744158744812,0.9655094146728516,0.9405614733695984,-0.2567265331745148,-0.3320015668869018,-0.3504387438297272,-0.3316387832164764,0.0362619124352932,-0.3504387438297272,-0.199027270078659,-0.298353374004364,0.2475658655166625,-0.5411207675933838,0.4819763898849487,-0.9658526182174682,0.3702989220619201,-0.8128989338874816,0.3492804169654846,-0.8852370977401732,0.246654063463211,-0.8601276874542236,0.3194997012615204,-0.8036671876907348,0.1696442663669586,-0.1692171841859817,0.3590071499347687,-0.1538108736276626,0.7703574895858765,0.2153152674436569,0.7997723221778869,0.2364090383052825,0.5525630116462708,-0.1566566526889801,0,1
0.457102358341217,0.4594870209693908,0.4664894640445708,0.4108797311782837,0.4524703919887543,0.3776531219482422,0.7583981156349182,0.5209019780158997,0.797193169593811,0.7752645015716552,0.5211696028709412,0.5427359342575073,0.3736425936222077,0.5400328636169434,0.3082161247730255,0.0558181889355182,0.0375402346253395,0.0380069129168987,0.0385545007884502,0.0355663709342479,0.0457149259746074,0.0339316762983799,0.0502813644707202,0.0457149259746074,0.0720235183835029,0.0704943388700485,0.1839651763439178,0.143537551164627,0.3304262459278106,0.0527093634009361,0.4410721659660339,-0.1338398605585098,0.4826973378658295,-0.1820262968540192,0.4860879480838776,-0.1872754395008087,0.4740878045558929,-0.1691747158765792,0.5055769681930542,0.5092815756797792,0.7181450724601746,0.7490403652191162,0.912399649620056,0.9593936204910278,0.9465656280517578,-0.3868115246295929,-0.4489949941635132,-0.3629002571105957,-0.4487566649913788,-0.0657964497804641,-0.3629002571105957,-0.3232748210430144,-0.4049616456031799,0.1448213011026382,-0.5544105172157288,0.4578731060028076,-0.9450362920761108,0.4735392630100249,-0.7702299356460571,0.4617944359779357,-0.8658238053321838,0.3615173697471618,-0.8562047481536865,0.4308198690414428,-0.7800325751304625,0.1705527156591415,-0.1700625121593475,0.4676044583320617,0.0270898547023534,0.9367437362670896,0.5157691240310669,0.9730178713798524,0.553328812122345,0.7362059950828552,0.1969271600246429,0,1
0.4731436371803284,0.4779635965824127,0.4843758940696716,0.4259070158004761,0.4657094180583954,0.387334793806076,0.7827194929122925,0.5705310106277466,0.8190520405769347,0.8003688454627991,0.5912319421768188,0.5426765084266664,0.3709971904754639,0.5353366732597351,0.30476313829422,0.0560185611248016,0.0376163125038147,0.038072507828474,0.0386119224131107,0.0355875194072723,0.0444332063198089,0.0338286831974983,0.0501806922256946,0.0444332063198089,0.0735219269990921,0.071598969399929,0.1864059567451476,0.1478522568941116,0.3355507254600525,0.093384675681591,0.4457857012748718,-0.0213382858783006,0.4884440302848816,-0.080612875521183,0.4929231703281402,-0.0663510635495185,0.4822682440280914,-0.071811631321907,0.5084545612335205,0.5130621194839478,0.7250667214393615,0.7517449855804443,0.9132395982742308,0.958544909954071,0.947888731956482,-0.453852504491806,-0.5231727361679077,-0.4356953501701354,-0.5228467583656311,-0.1083211824297904,-0.4356953501701354,-0.3740434944629668,-0.4680679440498352,0.0986372381448745,-0.5681988000869751,0.4171655774116516,-0.98932546377182,0.4201063513755798,-0.987823724746704,0.3975363075733185,-1.09163236618042,0.2919383347034454,-1.0829490423202517,0.3770239651203156,-0.9946441650390624,0.1717197149991989,-0.1714996844530105,0.533446192741394,0.0782329961657524,1.0146305561065672,0.5663003921508789,1.0523997545242307,0.6043838262557983,0.8214081525802611,0.2582817077636719,0,1
0.4741261303424835,0.4778512716293335,0.4839650392532348,0.4269922971725464,0.4655523598194122,0.3870821595191956,0.7852677106857299,0.5978757739067078,0.8241453170776366,0.8027111291885376,0.6230267286300659,0.5446826219558716,0.3712649941444397,0.5314276218414307,0.3048218190670013,0.0518234856426715,0.0321099758148193,0.0323440581560134,0.0325859300792217,0.0311591140925884,0.040229681879282,0.0302274227142334,0.0429522842168808,0.040229681879282,0.0708947330713272,0.0692764744162559,0.1832624673843384,0.1557214558124542,0.3192862868309021,0.1688172668218612,0.4308055937290192,0.0761497020721435,0.4738210737705231,0.0534040331840515,0.4779271185398102,0.0529389195144176,0.4659363329410553,0.0606561116874218,0.5074411034584044,0.5129397511482239,0.7261146903038026,0.7517219185829161,0.9132226705551147,0.9579691886901855,0.9481464624404908,-0.4236356019973754,-0.4932503998279572,-0.4019612669944763,-0.4930233061313628,-0.0673554390668869,-0.4019612669944763,-0.3449636697769165,-0.4382693767547608,0.1442562788724899,-0.5570652484893799,0.413821667432785,-1.012328028678894,0.3830484151840209,-1.0795140266418457,0.3514416515827179,-1.1727536916732788,0.2507578432559967,-1.1605665683746336,0.3412156105041504,-1.078546404838562,0.182615116238594,-0.1826591044664383,0.4978076815605164,0.0347131825983524,0.9349586367607116,0.4566566050052642,0.9665052890777588,0.4878639578819274,0.7392142415046691,0.1422613561153412,0,1
0.4773745536804199,0.4781041145324707,0.4840281307697296,0.4274287223815917,0.4649679958820343,0.3875092267990112,0.8216333985328673,0.6100444197654724,0.8648375868797302,0.8444676995277405,0.6416230797767639,0.5469257831573486,0.3713904619216919,0.5300304293632507,0.30519899725914,0.0507655814290046,0.0293849613517522,0.0290998462587594,0.0285680256783962,0.0286745578050613,0.0334519147872924,0.02676797285676,0.0346138477325439,0.0334519147872924,0.069704495370388,0.068053126335144,0.1818430423736572,0.1555219441652298,0.3116251230239868,0.1974596977233886,0.4281708598136902,0.1237669810652732,0.4712360501289368,0.1123364716768264,0.4756245017051697,0.1048302873969078,0.4640401899814605,0.1104343980550766,0.5073087215423584,0.5123269557952881,0.7262762784957885,0.7505699396133424,0.9136698842048644,0.9578917622566224,0.9486600160598756,-0.43513485789299,-0.5009899735450745,-0.3870246112346648,-0.5008774399757385,-0.0645009577274322,-0.3870246112346648,-0.3564359545707702,-0.4444256126880646,0.1588140577077865,-0.5505190491676331,0.3699870705604552,-1.0875014066696167,0.3468482196331024,-1.3450579643249512,0.3450516760349273,-1.4531246423721311,0.2091545462608337,-1.4299906492233276,0.3109215497970581,-1.3417274951934814,0.1888065487146377,-0.1890430301427841,0.4843250215053558,0.0080225188285112,0.913332462310791,0.4095844328403473,0.9424821734428404,0.4379576742649078,0.7105340957641602,0.0876339301466941,0,1
0.4823610484600067,0.4828814268112183,0.4882495105266571,0.4286803901195526,0.4654514193534851,0.3878296613693237,0.8429211974143982,0.6241915225982666,0.8959920406341552,0.872373640537262,0.667482316493988,0.5470008254051208,0.3716042041778565,0.5259847640991211,0.3052772879600525,0.0497604832053184,0.0289335809648036,0.0287098549306392,0.0282419119030237,0.0278609190136194,0.0319624617695808,0.0253883507102727,0.0340199917554855,0.0319624617695808,0.0685271248221397,0.0677745640277862,0.1815427839756012,0.1567903459072113,0.3021461963653564,0.2222663462162017,0.4110910296440125,0.1722722202539444,0.4551633894443512,0.173121839761734,0.4583783745765686,0.1672859489917755,0.4460918009281158,0.1687036007642746,0.503973662853241,0.5115618705749512,0.7265302538871765,0.7503188252449036,0.9161164164543152,0.958509922027588,0.9500219225883484,-0.4018418490886688,-0.4907917082309722,-0.2790964841842651,-0.4910614490509032,0.0007528344867751,-0.2790964841842651,-0.3390237092971802,-0.4072616100311279,0.2382456958293914,-0.4513836205005646,0.3921229839324951,-1.0425727367401123,0.3403334319591522,-1.265064358711243,0.3171729743480682,-1.362651228904724,0.2077810764312744,-1.3455710411071775,0.3024740815162658,-1.2614648342132568,0.2059294432401656,-0.206222265958786,0.4502665996551513,-0.0450919680297374,0.7843126654624939,0.2585665881633758,0.8002976179122925,0.2779135406017303,0.5756593346595764,-0.0544566698372364,0,1
0.4819352328777312,0.4827020764350891,0.4880445301532745,0.4292685091495513,0.4650700986385345,0.3880639374256134,0.8588551282882689,0.5950092673301697,0.9169628620147704,0.8870235085487365,0.6247527003288269,0.5467215776443481,0.3695900440216064,0.5243375897407532,0.3052870035171509,0.0488378591835498,0.0291085094213485,0.0289099868386983,0.028467396274209,0.0279201231896877,0.031973410397768,0.0253513343632221,0.034129437059164,0.031973410397768,0.0666008293628692,0.0658270344138145,0.1810068041086197,0.1587513536214828,0.3016993701457977,0.2571668624877929,0.3963015079498291,0.2107167243957519,0.4351955950260162,0.2144553661346435,0.4395798742771148,0.2097817361354828,0.4287009835243224,0.20806285738945,0.4967415332794189,0.5031207799911499,0.7263223528861998,0.7496249675750732,0.9169477224349976,0.9606191515922544,0.9503267407417296,-0.2534857392311096,-0.3136951625347137,-0.1721629798412322,-0.3137138485908508,0.0991853699088096,-0.1721629798412322,-0.1852575987577438,-0.2580175399780273,0.2919905483722687,-0.3442071676254272,0.3596989214420318,-0.8402442932128905,0.1694282591342926,-1.1232316493988037,0.1103539541363716,-1.2161725759506223,0.0212789326906204,-1.213388442993164,0.1313254088163375,-1.124356031417847,0.2118134349584579,-0.2120499014854431,0.3328092098236084,-0.1666031032800674,0.5744484663009644,0.0257327426224946,0.5807023048400879,0.0316165834665298,0.3478547036647796,-0.3144258856773376,0,1
0.4820583462715149,0.4827907681465149,0.4880263507366181,0.4319874346256256,0.4649018049240112,0.3881388306617737,0.8801376223564149,0.5840491652488708,0.938082277774811,0.9142390489578248,0.681675910949707,0.5486160516738892,0.3693865835666656,0.5243858695030212,0.305264800786972,0.0488853156566619,0.0296081192791461,0.0293538067489862,0.0288078300654888,0.028217863291502,0.031784139573574,0.0254111997783184,0.0343843847513198,0.031784139573574,0.0666683614253997,0.0658301264047622,0.1694244444370269,0.1581516861915588,0.2937220633029938,0.29394793510437,0.3838137984275818,0.2500506639480591,0.419800192117691,0.3143305480480194,0.423726737499237,0.2956151068210602,0.4130028188228607,0.2916882038116455,0.4883864820003509,0.4948247373104096,0.7262421250343322,0.748558223247528,0.916894733905792,0.9605613946914672,0.9500042796134948,-0.1785872280597686,-0.2402574270963668,-0.166669026017189,-0.240276038646698,0.1240563094615936,-0.166669026017189,-0.1140020936727523,-0.195912629365921,0.3056071698665619,-0.3178857266902923,0.3764678239822388,-0.5907437801361084,0.1741020381450653,-0.7520761489868163,0.0957149490714073,-0.8435068726539613,0.0052990666590631,-0.9047026634216307,0.1309575140476226,-0.7751436233520509,0.20486980676651,-0.2050955444574356,0.2979796826839447,-0.1999159902334212,0.5099642276763916,-0.0620920062065124,0.5129284262657166,-0.0635449066758155,0.2930062115192413,-0.4080469906330108,0,1
0.4749408662319183,0.4775220155715942,0.4832090735435486,0.4278879463672637,0.4646151661872864,0.3854148089885712,0.9194706678390504,0.5916742086410521,0.971899390220642,0.9515246748924256,0.67574143409729,0.550407886505127,0.3694543242454529,0.5245002508163452,0.3049092292785644,0.045649766921997,0.0274464301764965,0.0274413339793682,0.0271462835371494,0.0250264666974544,0.0278145726770162,0.021295566111803,0.0323187187314033,0.0278145726770162,0.0616298504173755,0.060112826526165,0.1650889068841934,0.1554716527462005,0.2863157987594604,0.2715131640434264,0.3670842647552489,0.3197792768478393,0.3897959291934967,0.3521645963191986,0.3923348784446716,0.3475075364112854,0.3861241936683655,0.3395594954490661,0.4751640856266022,0.4836105704307556,0.7248793840408325,0.7478920221328734,0.9168617129325866,0.9605687856674192,0.9500015377998352,-0.1817507594823836,-0.2383971959352492,-0.1240608096122741,-0.23842354118824,0.1404026299715042,-0.1240608096122741,-0.1178863942623138,-0.1939289718866348,0.3694336712360382,-0.3051691949367523,0.4761318564414977,-0.6021963357925415,0.2032158523797989,-0.7408722639083862,0.1312775164842605,-0.8330359458923341,0.0316423662006855,-0.8690515160560608,0.1571075469255447,-0.7503346204757689,0.204222410917282,-0.2044260054826736,0.2898533344268799,-0.2405106723308563,0.5356673002243042,-0.1217115372419357,0.5404515862464905,-0.1255096048116684,0.2960583865642548,-0.5043402910232544,0,1
0.4753125011920929,0.477606326341629,0.4832383394241333,0.4282966256141663,0.4645302593708038,0.3856121003627776,0.9338413476943968,0.584854245185852,0.9911023378372192,0.9672988057136536,0.6520427465438843,0.5522635579109192,0.3695966601371764,0.5261877775192261,0.3049852252006531,0.0458139851689338,0.0275730304419994,0.0275669451802968,0.0272890571504831,0.0250779241323471,0.0262644086033105,0.0209910031408071,0.0320892855525016,0.0262644086033105,0.0617387220263481,0.0598271116614341,0.1631158739328384,0.1518412083387375,0.2597048878669739,0.2853054702281952,0.3257013261318207,0.3690368831157684,0.3442550897598266,0.4021438062191009,0.3472536206245422,0.396599918603897,0.343263030052185,0.3867604434490204,0.4571001529693604,0.4666375219821929,0.724155068397522,0.7465870976448059,0.9175723791122437,0.9606281518936156,0.9514763951301576,-0.1047831773757934,-0.1555982828140258,-0.0472289472818374,-0.1555425822734832,0.1966163218021392,-0.0472289472818374,-0.0473091639578342,-0.1160621643066406,0.4071043729782104,-0.1908798366785049,0.5492920279502869,-0.3747560381889343,0.2266066223382949,-0.4811452329158783,0.1499852836132049,-0.5676441192626953,0.0508737415075302,-0.6151766180992126,0.1634538322687149,-0.4930715262889862,0.1811941117048263,-0.1811708807945251,0.1579837203025818,-0.2463528513908386,0.3441819548606872,-0.1157299876213073,0.3428272902965545,-0.1166480705142021,0.0911703333258628,-0.4916633069515228,0,1
0.4800758361816406,0.4793802797794342,0.4839907884597778,0.4322293996810912,0.4630892872810364,0.3866001665592193,0.9419341087341307,0.5811542272567749,1.007336378097534,0.982991635799408,0.6442273855209352,0.552112877368927,0.3701068758964538,0.5263917446136475,0.3075532615184784,0.045771412551403,0.0274556837975978,0.0273863766342401,0.0270384736359119,0.0250626411288976,0.0252533815801143,0.0208970718085765,0.0312249697744846,0.0252533815801143,0.0619253441691398,0.0599828287959098,0.1602562814950942,0.1502151638269424,0.2290753424167632,0.3071410059928894,0.2802783250808716,0.4118272364139557,0.2924615740776062,0.4523578584194183,0.2960545718669891,0.4451130330562592,0.2946394085884094,0.4337070882320404,0.4625114798545837,0.4696276783943176,0.7231401205062865,0.7455580234527587,0.9166725873947144,0.9606980085372924,0.9508520364761353,-0.1056192964315414,-0.1654811799526214,-0.1066586151719093,-0.1654685288667678,0.1734716296195984,-0.1066586151719093,-0.0507185347378253,-0.130477488040924,0.3935826718807221,-0.2588182985782623,0.5893320441246033,-0.4512444734573364,0.371317833662033,-0.5056729912757874,0.2965587973594665,-0.5730910301208496,0.1970630586147308,-0.6397489905357361,0.3157095313072204,-0.5234864950180054,0.1803478896617889,-0.1803617626428604,0.2261618077754974,-0.2341445982456207,0.495178759098053,-0.132873073220253,0.5026425719261169,-0.1378601491451263,0.2606222033500671,-0.4904087781906128,0,1
0.4834166765213012,0.4809744954109192,0.48504438996315,0.4334904849529266,0.4630553424358368,0.3874400556087493,0.9403132796287536,0.5692532658576965,1.0067056417465208,0.975534737110138,0.626797080039978,0.5504423975944519,0.3701756298542023,0.5274045467376709,0.3100323975086212,0.0447222366929054,0.0250630341470241,0.0248191617429256,0.0242487452924251,0.0226590540260076,0.0223928019404411,0.0181028172373771,0.0281406082212924,0.0223928019404411,0.061513464897871,0.0596453137695789,0.1567740887403488,0.15133698284626,0.2042687684297561,0.3329253494739532,0.2329360544681548,0.4455531239509583,0.2426159679889678,0.486497938632965,0.2444188892841339,0.4797212183475494,0.2434310466051101,0.4671028256416321,0.4651040434837341,0.4708099365234375,0.7225132584571838,0.7454754710197448,0.9142314195632936,0.9605576395988464,0.9489473104476928,-0.1474949270486831,-0.2185602188110351,-0.2200290858745574,-0.218678280711174,0.0939522609114646,-0.2200290858745574,-0.1057668924331665,-0.1961531341075896,0.3519561886787414,-0.371038258075714,0.5583398342132568,-0.5743255019187927,0.3553399443626404,-0.6320453882217407,0.2680901587009429,-0.7059733867645264,0.1755274087190628,-0.7674657106399536,0.2896268665790558,-0.6497340202331543,0.1816441863775252,-0.181740716099739,0.382979154586792,-0.1892036199569702,0.69755882024765,-0.0899929702281951,0.7116860151290894,-0.1110019758343696,0.5221875309944153,-0.3808934390544891,0,1
0.4833813607692719,0.4809485673904418,0.4850508272647857,0.4324152171611785,0.4629871249198913,0.3875468671321869,0.938714861869812,0.5381025671958923,1.009589433670044,0.9774079918861388,0.5935129523277283,0.5487417578697205,0.3690930604934692,0.5275965929031372,0.3107140362262726,0.0424659177660942,0.0227139573544263,0.0228472724556922,0.0226715821772813,0.019939724355936,0.0223754532635211,0.0157534871250391,0.0281752757728099,0.0223754532635211,0.0606595203280448,0.0585894398391246,0.1548990309238433,0.1558376252651214,0.177672266960144,0.3359402418136596,0.1846505999565124,0.4605522751808167,0.1899553537368774,0.5003511905670166,0.1925496160984039,0.4938960969448089,0.192960113286972,0.4803790152072905,0.4760271906852721,0.4802511334419249,0.7224934697151184,0.7457853555679321,0.913134753704071,0.9609248042106628,0.9481629133224488,-0.2710284888744354,-0.3356424868106842,-0.29123654961586,-0.3357878327369689,0.0082587087526917,-0.29123654961586,-0.2196805477142333,-0.3048878908157348,0.2676841020584106,-0.4438209533691406,0.5783772468566896,-0.6051533818244934,0.6563270688056946,-0.6817559599876404,0.6345729827880859,-0.7515107989311217,0.5404290556907654,-0.8098437786102296,0.6089951395988464,-0.6984490156173706,0.1837493032217025,-0.1839698851108551,0.4236815869808197,-0.1588863134384155,0.857611358165741,0.1098306998610496,0.8840784430503845,0.1200237497687339,0.6854516863822937,-0.2180813252925872,0,1
0.4838771820068359,0.4811202585697174,0.4851213693618774,0.433236539363861,0.4625588655471802,0.3885605335235596,0.9265097975730896,0.4576939940452576,0.991285979747772,0.9624107480049132,0.5320037603378296,0.547687292098999,0.3683032691478728,0.5283586978912354,0.3113777041435241,0.0407719947397708,0.0209910683333873,0.0213263370096683,0.0214151032269001,0.0185228381305932,0.0225286949425935,0.0149661693722009,0.0283209979534149,0.0225286949425935,0.0598581060767173,0.0577501244843006,0.1529115289449691,0.1564777195453643,0.153501734137535,0.3298465311527252,0.1366960704326629,0.4552021622657776,0.1375302970409393,0.4989288449287415,0.1382191330194473,0.4902826845645904,0.1403034180402755,0.476233184337616,0.4824528694152832,0.4858563542366028,0.7225713729858398,0.7462145090103148,0.9125043749809264,0.96110600233078,0.9479724168777466,-0.2070586085319519,-0.2699125409126282,-0.2576092779636383,-0.2700756192207336,0.0390951819717884,-0.2576092779636383,-0.159838855266571,-0.2446514964103698,0.2710866630077362,-0.3910326957702636,0.569342851638794,-0.5552235841751099,0.6304472684860228,-0.5738525390625,0.6048359870910645,-0.61391681432724,0.520287036895752,-0.6884604692459105,0.5863808393478394,-0.5951377153396606,0.1825155019760132,-0.1828290671110153,0.4118485748767853,-0.119054801762104,0.7814856767654419,0.1484645903110504,0.8008294701576234,0.1614024192094802,0.6052389144897461,-0.163519725203514,0,1
0.4840449094772338,0.4810510277748108,0.4849517345428466,0.433282881975174,0.4611936807632446,0.3896385729312897,0.9169143438339232,0.3542300760746002,0.97822767496109,0.9517053365707396,0.4018623828887939,0.545239269733429,0.3683565855026244,0.5286619663238524,0.3136192858219147,0.0380606018006801,0.0193977635353803,0.0199029631912708,0.0201954878866672,0.0170554779469966,0.0226611196994781,0.0142154097557067,0.0283235050737857,0.0226611196994781,0.0576281137764453,0.0556911751627922,0.1486385315656662,0.1547346711158752,0.1320401728153228,0.3178761303424835,0.0895238295197486,0.4350164532661437,0.0828040838241577,0.4779959321022033,0.0813334584236145,0.4686242043972015,0.0872589200735092,0.4515557885169983,0.482185423374176,0.4850992262363434,0.7209957242012024,0.745401382446289,0.9119702577590942,0.9611390829086304,0.9478405714035032,-0.1528149843215942,-0.2098418772220611,-0.1706748455762863,-0.2098506987094879,0.1035643890500068,-0.1706748455762863,-0.1083068549633026,-0.1874221563339233,0.294718325138092,-0.2841993868350982,0.6471823453903198,-0.4507395029067992,0.8159221410751343,-0.4974017143249512,0.8071069717407225,-0.523560106754303,0.7249364256858826,-0.6000573635101318,0.7758023738861085,-0.5205191969871521,0.1823813170194625,-0.1827401220798492,0.3819772899150848,-0.139117956161499,0.7111850380897522,0.0790364518761634,0.7225379347801208,0.0878683179616928,0.5432194471359253,-0.2206328213214874,0,1
0.4841130077838897,0.4805299639701843,0.4840456247329712,0.4334149360656738,0.4563614428043365,0.3900718986988068,0.913829445838928,0.3179434835910796,0.9767137169837952,0.946514904499054,0.3604772686958313,0.5441600680351257,0.3684044182300568,0.5291585922241211,0.3147333860397339,0.0366882681846618,0.0186879821121692,0.0192537102848291,0.0196362044662237,0.01650907471776,0.022831417620182,0.0140593629330396,0.0284284558147192,0.022831417620182,0.0566704981029033,0.0549814030528068,0.146062284708023,0.1546271592378616,0.1083061918616294,0.3181412816047668,0.0515686757862567,0.441633641719818,0.0308699216693639,0.4850530624389648,0.0277311317622661,0.472583919763565,0.0374993383884429,0.456641525030136,0.4824755787849425,0.4860840439796448,0.7198015451431273,0.7452968358993529,0.9117521047592164,0.96114444732666,0.9478049278259276,-0.1476240903139114,-0.206492468714714,-0.1787896752357483,-0.2065363824367523,0.1025382652878761,-0.1787896752357483,-0.1012711748480796,-0.1828252524137496,0.2919068336486816,-0.2730997800827026,0.6254996061325073,-0.3936314582824707,0.8033292889595031,-0.4437945187091827,0.8015173077583314,-0.4539980590343475,0.7375303506851196,-0.5398058891296387,0.7698785662651062,-0.4704146385192871,0.1775845885276794,-0.1781845241785049,0.3789771497249603,-0.088703915476799,0.6440126895904541,0.1627362966537475,0.6498209834098816,0.1765459477901458,0.4708196818828583,-0.1110666170716285,0,1
0.4868902564048767,0.4806752800941467,0.4840476512908936,0.4349344372749328,0.4525567889213561,0.3902841210365296,0.9100186824798584,0.3148281872272491,0.9707287549972534,0.9335680007934568,0.3635246753692626,0.5452771782875061,0.3687061667442322,0.5303836464881897,0.3147074282169342,0.0360295996069908,0.0177776552736759,0.0182795636355876,0.0186248011887073,0.0158927962183952,0.0228632129728794,0.0136903431266546,0.0282106287777423,0.0228632129728794,0.0564632602035999,0.0547896847128868,0.1448162794113159,0.1559591591358184,0.0857126861810684,0.3258703351020813,-0.0094430781900882,0.4628733992576599,-0.0520089268684387,0.5059622526168823,-0.0567951872944831,0.4967760443687439,-0.0348701477050781,0.4803240299224853,0.4829689562320708,0.4880993962287903,0.7195696830749512,0.7461928129196168,0.9115422964096068,0.9620111584663392,0.9476844668388368,-0.1522382795810699,-0.2120893448591232,-0.2116054594516754,-0.2127208858728408,0.0831872597336769,-0.2116054594516754,-0.1139882951974868,-0.1989922672510147,0.2754712700843811,-0.2941330075263977,0.4582819640636444,-0.4183624982833862,0.5471440553665161,-0.4560203850269317,0.5636135339736937,-0.4583446979522704,0.6506267189979553,-0.5310235619544983,0.535281777381897,-0.4772801697254181,0.1733821928501129,-0.1741513460874557,0.3773387372493744,-0.1014875397086143,0.6449946165084839,0.1406962871551513,0.6529595851898192,0.1530955284833908,0.4541306793689728,-0.1513120681047439,0,1
0.4882801175117492,0.4812540709972381,0.4845303893089294,0.4349550008773804,0.4526446461677551,0.3902665972709656,0.8651074767112733,0.2935322821140289,0.8869213461875916,0.8575316667556762,0.3442411124706268,0.5479936003684998,0.3699916005134583,0.5316393971443176,0.3140251934528351,0.0354870297014713,0.0170529466122388,0.0175906922668218,0.0179467480629682,0.0148399416357278,0.022455234080553,0.0123916445299983,0.0277295969426631,0.022455234080553,0.0562046878039836,0.054097443819046,0.1407032907009124,0.1584594994783401,0.0546629503369331,0.3323813378810882,-0.0940344780683517,0.4686885774135589,-0.1363175362348556,0.5095676183700562,-0.1444402635097503,0.5003463029861449,-0.1259775012731552,0.4842739105224609,0.4823110699653625,0.4879562258720397,0.7188438177108765,0.7474175691604614,0.911165416240692,0.9624487161636353,0.9474552273750304,-0.1632992923259735,-0.2247114330530166,-0.2176720798015594,-0.225571870803833,0.0827097669243812,-0.2176720798015594,-0.1266326308250427,-0.2148579508066177,0.2565234005451202,-0.264831393957138,0.2946541607379913,-0.3400577902793884,0.2506438493728637,-0.3925752937793732,0.2051523476839065,-0.3954105079174042,0.2164318114519119,-0.4634021818637848,0.2313199639320373,-0.4122335612773895,0.1679440140724182,-0.1687862128019333,0.3389768302440644,-0.1514424532651901,0.6129616498947144,0.0416866429150104,0.6220177412033081,0.0432435721158981,0.4072147011756897,-0.319492906332016,0,1
0.4866396486759186,0.4789637625217438,0.4826567471027374,0.4308298230171204,0.4516458213329315,0.3882415294647217,0.7424899339675902,0.2703705132007599,0.7362339496612548,0.711507260799408,0.3216224908828735,0.5493440628051758,0.3700241446495056,0.5325770974159241,0.3140117526054382,0.0332509949803352,0.0153732001781463,0.0162426717579364,0.0168925728648901,0.0124929752200841,0.0221381187438964,0.0100688310340046,0.0276579651981592,0.0221381187438964,0.0550405755639076,0.052381444722414,0.1377430856227874,0.1630520075559616,0.0381718501448631,0.3400595188140868,-0.1313383132219314,0.4791649281978607,-0.1721211075782776,0.5217857360839844,-0.180560439825058,0.5145839452743529,-0.1631866991519928,0.4997162818908691,0.4814409613609313,0.487614095211029,0.7182852029800415,0.7475968003273009,0.9108629226684568,0.9626785516738892,0.9472668766975402,-0.2022181451320648,-0.25982466340065,-0.2300178557634353,-0.260556548833847,0.059883490204811,-0.2300178557634353,-0.1604939699172973,-0.2438618391752243,0.1911356747150421,-0.2393260598182678,0.191475048661232,-0.2681455612182616,0.1799512058496475,-0.2939869463443756,0.1277898102998733,-0.2866552770137787,0.154015451669693,-0.3545571565628052,0.1724324822425842,-0.3122709989547729,0.1548018306493759,-0.1557923257350921,0.3066803216934204,-0.1512641757726669,0.59688401222229,0.0513590984046459,0.6083346605300903,0.055990282446146,0.3909592032432556,-0.2992618680000304,0,1
0.4769101142883301,0.4710257351398468,0.4759100973606109,0.4219990968704224,0.4510482847690582,0.3849292695522308,0.664082407951355,0.2484629452228546,0.6446058750152588,0.6275097727775574,0.2826235592365265,0.5508546829223633,0.3690208792686462,0.5339394211769104,0.3139903843402862,0.0313044413924217,0.0143542867153882,0.0153445620089769,0.0161357875913381,0.011662851087749,0.0230926871299743,0.0098248664289712,0.0279227048158645,0.0230926871299743,0.0538415797054767,0.0509350672364234,0.1366707384586334,0.1700569689273834,0.0341570228338241,0.3470214605331421,-0.1244995817542076,0.4917693138122559,-0.1615530252456665,0.5424319505691528,-0.1679536402225494,0.5402913093566896,-0.1515023708343505,0.52373206615448,0.481919914484024,0.4906899034976959,0.7182960510253905,0.7478532791137694,0.9103140830993652,0.96271550655365,0.9463240504264832,-0.2173942327499389,-0.2745127379894256,-0.2348055690526962,-0.2751911282539368,0.0507394485175609,-0.2348055690526962,-0.1715494245290756,-0.253223180770874,0.150070384144783,-0.2265433371067047,0.073373906314373,-0.2220372706651688,0.005677867680788,-0.1855839192867279,-0.0459876395761966,-0.1620124876499176,-0.0010103029198944,-0.2411831468343734,0.005537056364119,-0.2077537328004836,0.145998403429985,-0.1472279280424118,0.3009855151176452,-0.1509871035814285,0.6149266958236694,0.0710622519254684,0.6362098455429077,0.076888769865036,0.4087468385696411,-0.2940874695777893,0,1
0.4630279839038849,0.4625320434570313,0.4683511555194855,0.4154585003852844,0.4507944285869598,0.3835753202438353,0.6177356839179993,0.2083836495876312,0.5922901034355164,0.5796343088150024,0.2322990447282791,0.5533756017684937,0.368710845708847,0.5349305868148804,0.3138293921947479,0.027396772056818,0.013013182207942,0.0142181124538183,0.0152720334008336,0.010455472394824,0.0237357430160045,0.0093460017815232,0.0283401198685169,0.0237357430160045,0.0502125918865203,0.0468238815665245,0.1352128684520721,0.1731941848993301,0.0259107761085033,0.3497906625270843,-0.1284236907958984,0.4992950856685638,-0.1667456775903701,0.5498742461204529,-0.173470601439476,0.5523735284805298,-0.1565767079591751,0.5358048677444458,0.4820365309715271,0.4915552139282226,0.7183001637458801,0.7478893399238585,0.9095060229301452,0.9627254605293274,0.945356547832489,-0.2254946380853652,-0.2827217280864715,-0.234825238585472,-0.2833564281463623,0.0500700213015079,-0.234825238585472,-0.1774277240037918,-0.2585902512073517,0.1472942531108856,-0.2215784639120101,0.0584988743066787,-0.2229029834270476,-0.0291040018200874,-0.1993228495121002,-0.0842463076114654,-0.1801869571208953,-0.0386935956776142,-0.2632093727588653,-0.029503334313631,-0.2239359319210052,0.1456038802862167,-0.1468566358089447,0.2918350398540497,-0.1594637781381607,0.6387562155723572,0.0716490000486373,0.6639174222946167,0.0783051773905754,0.4321739077568054,-0.287104994058609,0,1
0.4510097801685332,0.457308292388916,0.4645272195339202,0.4089061319828033,0.4513933062553406,0.3819641470909119,0.6146509647369385,0.1757813692092895,0.5951842665672302,0.5813900232315063,0.1887901723384857,0.555472195148468,0.3687297701835632,0.5359740257263184,0.3135768175125122,0.0271438769996166,0.0128909479826688,0.0141642708331346,0.0152817647904157,0.0101514523848891,0.023760549724102,0.009074717760086,0.0287371333688497,0.023760549724102,0.0500670298933982,0.0464984849095344,0.1347584575414657,0.1764440685510635,0.0193879138678312,0.3596403300762176,-0.1243681088089942,0.5131798982620239,-0.1631061434745788,0.5621021986007689,-0.1690077036619186,0.5663604736328125,-0.1517303884029388,0.5496245622634888,0.4822761118412018,0.4933598637580872,0.7184579968452454,0.7480055689811705,0.9093608856201172,0.962387442588806,0.944245219230652,-0.2417686730623244,-0.2942857146263122,-0.2347700595855713,-0.2949180006980896,0.0309301856905221,-0.2347700595855713,-0.1923051625490188,-0.2669767737388611,0.1150991544127464,-0.2145624309778213,0.0023750795517116,-0.2220343947410583,-0.1126735508441925,-0.2385795414447784,-0.1748277097940444,-0.2306787669658661,-0.1360123753547668,-0.3171749413013458,-0.1173773631453514,-0.2658161520957947,0.126286581158638,-0.1274684518575668,0.2715522348880768,-0.1252690702676773,0.6330576539039612,0.1511791944503784,0.6569122076034546,0.1629967540502548,0.4312458038330078,-0.1950263082981109,0,1
0.4540584981441498,0.4576240479946136,0.4655368924140929,0.4103541374206543,0.4566518664360046,0.3820632994174956,0.5651666522026062,0.1562684178352356,0.5300225019454956,0.5255870223045349,0.1623365730047226,0.5565060377120972,0.3686827421188353,0.5363247394561768,0.3135591149330139,0.0288245026022195,0.0142939835786819,0.015723492950201,0.0169858932495117,0.0108202528208494,0.0237797405570745,0.0093040708452463,0.0301541145890951,0.0237797405570745,0.0524398684501648,0.0475727096199989,0.1353109776973724,0.1780522018671035,0.0203662663698196,0.3620071113109588,-0.1162215694785118,0.51431143283844,-0.1568182557821273,0.5629612803459167,-0.1618675887584686,0.5676429271697998,-0.1459317505359649,0.551562249660492,0.4829370081424712,0.4950490593910217,0.719222903251648,0.7482964396476746,0.9092801809310912,0.9623715281486512,0.9437571763992308,-0.2840057909488677,-0.3369113206863404,-0.27413409948349,-0.3376069068908691,-0.0080487178638577,-0.27413409948349,-0.2294490784406661,-0.304712414741516,0.0922659039497375,-0.228212222456932,0.1322266608476638,-0.2723835110664368,0.1802496314048767,-0.3078261911869049,0.1615202724933624,-0.3101083040237427,0.2253991216421127,-0.3890969455242157,0.1970042288303375,-0.3311997950077057,0.124447651207447,-0.1255547851324081,0.2698929905891418,-0.1187976747751236,0.6534550786018372,0.1799337118864059,0.679996132850647,0.1950192749500274,0.467465341091156,-0.1606828421354293,0,1
0.4546562135219573,0.4654662609100342,0.4743096232414245,0.4117003083229065,0.4665960967540741,0.3839218616485596,0.5600277781486511,0.140148252248764,0.5332307815551758,0.5303984880447388,0.1449134647846222,0.5568570494651793,0.3686299622058869,0.5365826487541199,0.3135397732257843,0.0320421233773231,0.0165839157998561,0.0181620623916387,0.0195064600557088,0.0118324290961027,0.0230186842381954,0.0093989269807934,0.0313487723469734,0.0230186842381954,0.0562088191509246,0.0491575226187706,0.1377751380205154,0.1782634109258651,0.0284727998077869,0.3637265563011169,-0.1090939417481422,0.5156523585319519,-0.1455253660678863,0.5636035203933716,-0.1520160436630249,0.5681223273277283,-0.1366281807422638,0.5531795024871825,0.485004037618637,0.4979583323001861,0.7206264734268188,0.7484477758407592,0.9090801477432252,0.9621143341064452,0.9431708455085752,-0.3276383876800536,-0.3862679302692413,-0.3319691121578216,-0.3869346082210541,-0.0385594367980956,-0.3319691121578216,-0.2685125470161437,-0.3520073294639587,0.1087205037474632,-0.3065843880176544,0.3846181631088257,-0.3714273571968079,0.7366622090339661,-0.4765283763408661,0.7557954788208007,-0.4773963391780852,0.77753746509552,-0.5759201645851135,0.738521158695221,-0.5098883509635925,0.1304162591695785,-0.1316183805465698,0.3202186226844787,-0.1126649975776672,0.7508783936500549,0.2141976058483124,0.7779123187065123,0.2341163158416748,0.5856382846832275,-0.1075498163700103,0,1
0.4650898873806,0.4835838377475738,0.4925404489040375,0.4180752635002136,0.4827247262001037,0.3854531049728393,0.5667429566383362,0.1279706954956054,0.5392729640007019,0.5402320623397827,0.1274538934230804,0.5578281879425049,0.3685800433158874,0.5368859767913817,0.3135235607624053,0.0353782065212726,0.018633883446455,0.020354438573122,0.0217890590429306,0.0125139877200126,0.0201606564223766,0.0094943353906273,0.0326376296579837,0.0201606564223766,0.0602714009582996,0.0504966862499713,0.1462390720844268,0.1780809611082077,0.069490298628807,0.3646643459796905,-0.064871497452259,0.5215124487876892,-0.0946895629167556,0.5691262483596802,-0.1072410568594932,0.5739707350730896,-0.0936772972345352,0.5599661469459534,0.4872167706489562,0.5016375780105591,0.7221260666847229,0.7491070628166199,0.9084101915359496,0.962140381336212,0.9411371350288392,-0.4674544036388396,-0.5304547548294067,-0.4435888528823852,-0.5310594439506531,-0.1316608786582946,-0.4435888528823852,-0.3949423432350159,-0.4839046001434326,0.1143467351794242,-0.4496661424636841,0.6051296591758728,-0.5891894102096558,1.1153467893600464,-0.7375599145889281,1.18116295337677,-0.7513762712478637,1.190763235092163,-0.8551641702651978,1.119553565979004,-0.7738521099090576,0.1602149605751037,-0.1611151099205017,0.4627309441566467,-0.0796026512980461,0.9084925055503844,0.2841936647891998,0.9372839331626892,0.3104407489299774,0.7641764283180237,-0.0120891733095049,0,1
0.4750244915485382,0.4928834140300751,0.5010828375816345,0.4238012135028839,0.4889521300792694,0.3881776034832001,0.5848566889762878,0.1238496676087379,0.591447114944458,0.58427894115448,0.1243432238698005,0.5588465332984924,0.3685786724090576,0.5373242497444153,0.3134287297725677,0.0379578247666358,0.021037446334958,0.02278808131814,0.0242340173572301,0.0136903645470738,0.018457818776369,0.0095814131200313,0.0335540473461151,0.018457818776369,0.0623973794281482,0.0513884909451007,0.1509242355823516,0.1776004284620285,0.3093734085559845,0.3642474114894866,0.4002742767333984,0.5210794806480408,0.4032561779022217,0.5684051513671875,0.398719698190689,0.5734266042709352,0.3901461362838744,0.5601493120193481,0.4883415699005127,0.5040011405944824,0.7233107089996339,0.7511374950408934,0.9082935452461242,0.9633305668830872,0.9405776858329774,-0.4021402597427368,-0.4618776142597198,-0.4011453092098236,-0.4623327851295471,-0.1109593212604522,-0.4011453092098236,-0.3347940146923064,-0.4176017642021179,0.1183861941099166,-0.4344791769981384,0.5444107055664064,-0.5161646008491516,0.7244999408721923,-0.6450204849243164,0.7342827916145325,-0.6953901648521423,0.6897929906845093,-0.771073818206787,0.6982606053352356,-0.6745298504829407,0.1682105660438537,-0.1687202602624893,0.4501114785671233,-0.0656446069478988,0.8349414467811584,0.2447075992822647,0.8574686050415038,0.2632239758968352,0.684171497821808,-0.0598638840019702,0,1
0.4876784086227417,0.5041983127593994,0.5123754143714905,0.4287019073963165,0.5028181076049805,0.3907474875450134,0.5926960110664368,0.1231086552143096,0.6042659282684326,0.597554624080658,0.1223707869648933,0.5593382716178894,0.3685801625251769,0.5375899076461792,0.3133716285228728,0.0397149845957756,0.0216054283082485,0.0232936963438987,0.024651737883687,0.0137642817571759,0.0147437425330281,0.0089425202459096,0.0335519649088382,0.0147437425330281,0.0639980435371398,0.0520314686000347,0.1545989215373993,0.1775571703910827,0.325807511806488,0.3658194839954376,0.4315119683742523,0.5223551392555237,0.4592739939689636,0.570427179336548,0.4573976099491119,0.57559072971344,0.4536772668361664,0.5622230768203735,0.4898822307586669,0.506558895111084,0.7242337465286256,0.7524335384368896,0.9077129364013674,0.9635366201400756,0.9401692152023317,-0.4673566520214081,-0.5221485495567322,-0.4324275255203247,-0.5224139094352721,-0.1651412397623062,-0.4324275255203247,-0.3961595892906189,-0.4712476432323456,0.1198186874389648,-0.4633013904094696,0.4804973304271697,-0.5079657435417175,0.6346461176872252,-0.6468390822410583,0.6185634732246399,-0.7174771428108215,0.5252659916877747,-0.7769978642463683,0.6543394923210144,-0.673224687576294,0.1752157062292098,-0.1754796504974365,0.4739526212215424,-0.0407776050269603,0.8706723451614381,0.2677626609802246,0.8950554132461549,0.284908264875412,0.7250458598136902,-0.0427845567464828,0,1
0.4887555539608001,0.5041815638542175,0.5123842358589172,0.4289766550064087,0.5024158358573914,0.3911928534507752,0.5996161699295044,0.1227200627326965,0.6116037964820862,0.6043632626533508,0.1210267692804336,0.5601852536201477,0.3685629665851593,0.5377930402755737,0.3134264647960663,0.0423184186220169,0.0232738647609949,0.0249003805220127,0.0261737313121557,0.0145611893385648,0.0141620859503746,0.0089534875005483,0.0340950973331928,0.0141620859503746,0.0660425797104835,0.05347516015172,0.1579385697841644,0.1776394546031952,0.3287768065929413,0.3675090670585632,0.4358305931091308,0.5252349376678467,0.4721313118934631,0.5731347799301147,0.4699648320674896,0.5780689716339111,0.4587683081626892,0.5645334124565125,0.490372896194458,0.5071901679039001,0.7245132923126221,0.7525416016578673,0.9070086479187012,0.9635396003723145,0.9396320581436156,-0.4809643924236297,-0.5341490507125854,-0.4375222027301788,-0.5344155430793761,-0.1782040894031524,-0.4375222027301788,-0.4093672335147857,-0.4821729362010956,0.1073903739452362,-0.4602352678775787,0.4491258263587952,-0.4956721067428589,0.4944751262664794,-0.6326612234115601,0.4856657683849335,-0.7044848799705504,0.3743481636047363,-0.7638375163078307,0.4546149671077728,-0.6590991616249084,0.1744377613067626,-0.1747093498706817,0.4409403800964355,-0.0517766885459423,0.8409352898597717,0.2624261975288391,0.866520881652832,0.2800626754760742,0.6884959936141968,-0.0552774518728256,0,1
0.4970759451389313,0.5077555179595947,0.5152006149291992,0.4322158396244049,0.5026304721832275,0.3925135433673858,0.6012344956398009,0.1240423023700714,0.6147929430007936,0.6071153283119202,0.1210488528013229,0.5607657432556152,0.3685818910598754,0.5380837917327881,0.3134203851222992,0.0437113530933856,0.0236716978251934,0.0251240916550159,0.0262745823711156,0.0154531123116612,0.0138763766735792,0.0090579148381948,0.0339890196919441,0.0138763766735792,0.0668653473258018,0.055651731789112,0.1596889793872833,0.1775436252355575,0.3236412703990936,0.3688898086547852,0.4278847277164459,0.527981162071228,0.4631842970848083,0.5764991044998169,0.4633113443851471,0.5817855000495912,0.4477394223213196,0.5678790807723999,0.4903584420681,0.507124125957489,0.7245229482650756,0.7532964944839476,0.9061260223388672,0.9621177911758424,0.9394437074661256,-0.4452963173389434,-0.4995841085910796,-0.4182637929916382,-0.4998313188552856,-0.1541755199432373,-0.4182637929916382,-0.3767352700233459,-0.4513053596019745,0.1134945973753929,-0.441777378320694,0.4402710795402527,-0.4828214049339294,0.4946717023849487,-0.6105020046234131,0.4865709841251373,-0.6775063276290894,0.3930389285087585,-0.738716721534729,0.4541514515876769,-0.6372824907302856,0.17404405772686,-0.1741287857294082,0.4271964132785796,-0.0588710978627204,0.7907837033271788,0.2557437121868133,0.8129042983055114,0.2781400978565216,0.6725141406059265,-0.0742477402091026,0,1
0.5056246519088745,0.5114603638648987,0.5177083611488342,0.4396297931671143,0.5018677711486816,0.3957866728305816,0.5991754531860352,0.1244533509016036,0.6136801242828369,0.6032248735427856,0.121884323656559,0.561372697353363,0.3694947957992553,0.5385122299194336,0.3134918212890625,0.043626632541418,0.0236387178301811,0.0250639133155345,0.0261912401765584,0.0155397029593586,0.0138168083503842,0.0090799164026975,0.033425111323595,0.0138168083503842,0.0667821168899536,0.0566258653998374,0.1622785031795501,0.1773982644081115,0.3292662799358368,0.3691869974136352,0.4375496506690979,0.5316258668899536,0.4706413149833679,0.5806533098220825,0.4716586172580719,0.5861853957176208,0.4613559246063232,0.5717722773551941,0.4903439581394196,0.5068164467811584,0.7249332070350648,0.7536854147911071,0.9059572219848634,0.9633564949035645,0.9394284486770628,-0.4243142008781432,-0.4794595837593079,-0.4042565226554871,-0.4797286689281464,-0.136405736207962,-0.4042565226554871,-0.3575279712677001,-0.4335335195064544,0.1185259819030761,-0.4307548403739928,0.4328974485397338,-0.4773143231868744,0.4577064216136932,-0.5960725545883179,0.4454858005046845,-0.6611223220825195,0.3517816960811615,-0.7207167744636535,0.4136671423912048,-0.6224021911621094,0.1722937822341918,-0.1721671670675277,0.4246593117713928,-0.0610887892544269,0.7358095645904541,0.1692010462284088,0.7529073357582092,0.1773919761180877,0.5991318821907043,-0.1540215164422989,0,1
0.5192101001739502,0.5200223922729492,0.5244723558425903,0.4556396901607513,0.5017582178115845,0.4033947288990021,0.6002875566482544,0.1269169151782989,0.6167425513267517,0.605608344078064,0.1233215406537056,0.562182605266571,0.3704452216625213,0.5387750864028931,0.3135045766830444,0.0440164767205715,0.0236832313239574,0.0250404831022024,0.0261343456804752,0.0164135545492172,0.0139365699142217,0.0103364884853363,0.0332377254962921,0.0139365699142217,0.0674250051379203,0.059287954121828,0.163882240653038,0.1780153661966323,0.329237163066864,0.370166152715683,0.4388669431209564,0.5336715579032898,0.472093641757965,0.5822438001632689,0.4725688993930816,0.5880415439605713,0.4628397822380065,0.5737788677215576,0.489821583032608,0.5067647695541382,0.7258309721946716,0.7544840574264526,0.9060359001159668,0.963731586933136,0.9394176602363584,-0.3944865465164184,-0.4580006897449493,-0.3981584310531616,-0.4581331014633178,-0.1298777908086776,-0.3981584310531616,-0.3295607566833496,-0.415768563747406,0.1228581815958023,-0.4230422079563141,0.4275112450122832,-0.4562736451625824,0.4496614634990692,-0.5526136755943297,0.4379838407039642,-0.6229783296585083,0.351418673992157,-0.676186740398407,0.4079071879386902,-0.5779095888137816,0.1667983680963516,-0.1665533185005188,0.3552733659744262,-0.0640743300318718,0.6786345839500427,0.1718214452266693,0.6959318518638611,0.1813360452651977,0.5270414352416992,-0.1489136964082718,0,1
0.5234864354133606,0.5238463282585144,0.5277678966522217,0.4618298411369324,0.5012708902359009,0.4056415557861328,0.5969802737236023,0.127819076180458,0.6154022812843323,0.6010474562644958,0.1247982233762741,0.5622538328170776,0.3705687522888184,0.5387979745864868,0.3135193288326263,0.0441383756697177,0.0236873347312212,0.0250117722898721,0.0260881893336772,0.0170093979686498,0.0139954481273889,0.011151285842061,0.0331481620669364,0.0139954481273889,0.0679737478494644,0.0610059909522533,0.1654203683137893,0.178007036447525,0.3315719664096832,0.3699517548084259,0.4423600733280181,0.5335056781768799,0.4806551039218903,0.5810372829437256,0.4811270236968993,0.5868033766746521,0.4704994559288025,0.5728388428688049,0.489326149225235,0.5060576796531677,0.7267054319381715,0.7551453709602357,0.9064940214157104,0.9667193293571472,0.9396489262580872,-0.3875026702880859,-0.4480066597461701,-0.3938061594963074,-0.4480279684066773,-0.1276236027479171,-0.3938061594963074,-0.3238397240638733,-0.4068058431148529,0.1250485926866531,-0.4042138457298279,0.4012400209903717,-0.4083018898963928,0.4011433124542236,-0.5214037299156189,0.3781941831111908,-0.5947632193565369,0.2942560911178589,-0.6500819325447083,0.3604660332202911,-0.548028290271759,0.1572860777378082,-0.1570016592741012,0.3504538536071777,-0.0861816927790641,0.6952548623085022,0.1184903234243392,0.7145387530326843,0.1229802519083023,0.5412240624427795,-0.2146669179201126,0,1
0.5229056477546692,0.5243643522262573,0.5287832021713257,0.4605067372322082,0.5025263428688049,0.4055066704750061,0.5997231602668761,0.1287532746791839,0.6164404153823853,0.6027823090553284,0.1259821504354477,0.5622506141662598,0.3704016506671905,0.5388159155845642,0.3134859800338744,0.0441128388047218,0.0236097946763038,0.0249407812952995,0.0260379873216152,0.0170164424926042,0.0140640139579772,0.0111585957929492,0.0331334583461284,0.0140640139579772,0.068363144993782,0.0618145987391471,0.1671558171510696,0.1779760420322418,0.3331602811813354,0.3702211678028106,0.4430205821990967,0.5340673923492432,0.4819656312465668,0.581337571144104,0.4775334298610687,0.587640643119812,0.4667429029941559,0.5741946697235107,0.4891887307167052,0.5053784847259521,0.7280442714691162,0.7558113932609558,0.907597243785858,0.9695342779159546,0.9405592679977418,-0.3974036872386932,-0.4521808326244353,-0.3916549384593964,-0.4522344470024109,-0.1219101622700691,-0.3916549384593964,-0.3335476219654083,-0.409681111574173,0.1219237297773361,-0.391855925321579,0.3857414126396179,-0.3978342413902282,0.3852790296077728,-0.5258305668830872,0.3601800203323364,-0.5994188785552979,0.2779253721237182,-0.6559596061706543,0.3456044197082519,-0.5521064400672913,0.1551739126443863,-0.1549227833747863,0.3529970049858092,-0.1150999590754508,0.7363710403442384,0.0993489697575569,0.7627468705177307,0.1046501770615577,0.5916361212730408,-0.243731752038002,0,1
0.5214011073112488,0.5226498246192932,0.5272729396820068,0.4595631062984466,0.5035107135772705,0.404884934425354,0.6005783081054688,0.1274566650390625,0.6137707233428955,0.6042788028717041,0.125580295920372,0.5621521472930908,0.369579792022705,0.5388347506523132,0.3134247660636902,0.0443873926997184,0.0235923379659652,0.0249145440757274,0.0260035451501607,0.0170264914631843,0.0138878254219889,0.0111183263361454,0.0331477001309394,0.0138878254219889,0.0692577362060546,0.0624814629554748,0.1671824008226394,0.1786125004291534,0.3336887955665588,0.3707433044910431,0.4459605813026428,0.53389573097229,0.4854467809200287,0.5810323357582092,0.4818899035453796,0.587734043598175,0.4702917635440826,0.5746846199035645,0.4893612265586853,0.5052597522735596,0.7298535108566285,0.7569003701210022,0.9082857370376588,0.972334027290344,0.9410339593887328,-0.4256184995174408,-0.4745548665523529,-0.3887076377868652,-0.4746714234352112,-0.1313106417655944,-0.3887076377868652,-0.3593635261058807,-0.4282031953334808,0.1209740862250328,-0.3908433616161345,0.3835178017616272,-0.404282420873642,0.3788650035858154,-0.5543771982192993,0.3565024137496948,-0.6351081132888794,0.2717222571372986,-0.6925324201583862,0.338258683681488,-0.5817497968673706,0.1556701958179474,-0.1554228216409683,0.3542124032974243,-0.1413524448871612,0.7959468364715576,0.0829948857426643,0.8261011838912963,0.0891124010086059,0.6519930362701416,-0.2680613994598388,0,1
0.519460141658783,0.5214083194732666,0.5262695550918579,0.459076702594757,0.503862738609314,0.4047510921955108,0.6000525951385498,0.1248677372932434,0.6123112440109253,0.6043683290481567,0.1221367940306663,0.5620294213294983,0.3690373599529266,0.5388476848602295,0.3134199976921081,0.0444440320134162,0.0235788784921169,0.0248925425112247,0.0259742680937051,0.0170793160796165,0.0139416502788662,0.0111317243427038,0.0331691987812519,0.0139416502788662,0.069548450410366,0.0626972019672393,0.1668785512447357,0.1785919070243835,0.3318331539630889,0.3704965114593506,0.4456612169742584,0.5330487489700316,0.4863263070583344,0.5802791118621825,0.4808902740478516,0.5866904258728027,0.4719002246856689,0.5739911198616028,0.4895090460777282,0.5051596164703369,0.7312321066856384,0.757449984550476,0.9090505838394164,0.974076569080353,0.941651165485382,-0.4372515380382538,-0.4860723614692688,-0.3886450827121735,-0.4862512946128844,-0.1386929899454116,-0.3886450827121735,-0.3698730170726776,-0.4382732808589935,0.1186817735433578,-0.3936508893966674,0.3784533143043518,-0.4056881070137024,0.3705698549747467,-0.5747729539871216,0.3499275743961334,-0.6547467708587646,0.2641976177692413,-0.7147118449211121,0.3294432759284972,-0.6031827926635742,0.1563704907894134,-0.1561276465654373,0.3559185564517975,-0.1469319462776184,0.8078210353851318,0.0943549126386642,0.8378522396087646,0.1022944450378418,0.6603177189826965,-0.2548791766166687,0,1
0.5180881023406982,0.5205338001251221,0.525574266910553,0.4586131572723388,0.5040756464004517,0.404571920633316,0.6041002273559569,0.122426114976406,0.6170420050621033,0.6081364750862122,0.1184535473585128,0.5619656443595886,0.3687715828418732,0.5388630628585817,0.3131319880485534,0.0447296537458896,0.0236871819943189,0.0249805748462677,0.0260372124612331,0.017309034243226,0.0140754431486129,0.011234357021749,0.0332622341811656,0.0140754431486129,0.0700369253754615,0.0631095916032791,0.1665536761283874,0.1785579323768615,0.3311021327972412,0.3701761364936828,0.4428779482841492,0.5321868658065796,0.4778344631195068,0.5792783498764038,0.4772008359432221,0.5853418111801147,0.4679384231567383,0.572320818901062,0.4897982478141784,0.5050534009933472,0.7326575517654419,0.7586448788642883,0.9100533723831176,0.9751364588737488,0.9425823092460632,-0.4301747977733612,-0.4800713062286377,-0.3879625201225281,-0.480271190404892,-0.1351242214441299,-0.3879625201225281,-0.3632358908653259,-0.4330547451972961,0.1195169165730476,-0.3936401009559631,0.3786839842796325,-0.4092717170715332,0.3847821950912476,-0.5793026089668274,0.3661091327667236,-0.6572265625,0.2814231514930724,-0.7203318476676941,0.3441282212734222,-0.6089234948158264,0.1567995250225067,-0.1565631628036499,0.3576068878173828,-0.1440584361553192,0.8003385663032532,0.101462684571743,0.8287599086761473,0.1098920404911041,0.6530109643936157,-0.243412971496582,0,1
0.5176398754119873,0.5194111466407776,0.5248717069625854,0.451137363910675,0.5038942694664001,0.4015025198459624,0.6073415279388428,0.1213310211896896,0.6206945776939392,0.6090773344039917,0.1160328835248947,0.5608117580413817,0.367538332939148,0.5387766361236572,0.3127933144569397,0.0448218546807766,0.0236795283854007,0.0249681714922189,0.0260205082595348,0.0173218380659818,0.014103865250945,0.0112192826345562,0.0333405658602714,0.014103865250945,0.0702331811189651,0.0631418600678443,0.1663561165332794,0.1783005893230438,0.3350532352924347,0.3699570596218108,0.4433572888374328,0.5315055847167969,0.4770506024360657,0.57845139503479,0.4765052795410156,0.5843635201454163,0.4660351872444153,0.5712277889251709,0.4899684488773345,0.5049701929092407,0.7327827215194702,0.7589377164840697,0.9104564785957336,0.9754195213317872,0.9430793523788452,-0.4263224601745605,-0.4775320589542389,-0.3873315453529357,-0.4777226448059081,-0.1317395120859146,-0.3873315453529357,-0.3600909411907196,-0.4317461550235748,0.1275333017110824,-0.3967338204383849,0.4019533693790436,-0.4113232493400574,0.4212450385093689,-0.5780453681945801,0.4120960533618927,-0.6523873209953308,0.3171586990356445,-0.7148489952087401,0.3781358897686004,-0.6079206466674805,0.1609960198402404,-0.1608434319496154,0.3764386177062988,-0.1394597589969635,0.8002297282218933,0.1076391637325286,0.8268817663192749,0.1164185106754302,0.6556101441383362,-0.2332389652729034,0,1
0.5133910179138184,0.5156290531158447,0.522184431552887,0.4395634829998016,0.5038366913795471,0.3962265849113464,0.6040242314338684,0.1211154386401176,0.6138929724693297,0.6066048741340637,0.1156578063964843,0.5592740774154663,0.366501659154892,0.5387411713600159,0.3123561441898345,0.0442463010549545,0.0228639189153909,0.0242438409477472,0.0253627449274063,0.0164542719721794,0.01390400249511,0.0099081248044967,0.0332330055534839,0.01390400249511,0.0701110139489173,0.0625454410910606,0.1656205803155899,0.1782764643430709,0.3310140967369079,0.3705792725086212,0.4348114430904389,0.5311366319656372,0.4568946361541748,0.5781525373458862,0.4546021819114685,0.5841249227523804,0.4474032819271088,0.5713779926300049,0.490277111530304,0.5050638914108276,0.7331490516662597,0.7590261101722717,0.9107510447502136,0.9755447506904602,0.9434795379638672,-0.4688209593296051,-0.5193632245063782,-0.4103010296821593,-0.5196600556373596,-0.1597946435213088,-0.4103010296821593,-0.3984361886978149,-0.4688116312026977,0.1265891194343567,-0.4321101009845733,0.4769114553928375,-0.4619446992874145,0.6203280687332153,-0.6188572645187378,0.6335540413856505,-0.6858882308006288,0.5513556003570557,-0.7567614912986755,0.5846415758132936,-0.6501595973968506,0.1688201576471328,-0.1689019799232483,0.4129777550697327,-0.1208088845014572,0.8567341566085814,0.1904450058937072,0.8852933049201965,0.2076650261878967,0.7174092531204224,-0.1294061094522476,0,1
0.5052300095558168,0.5088405013084412,0.5163229703903198,0.4312598407268524,0.4984883964061737,0.3900816738605499,0.540789008140564,0.1218976750969886,0.5070593357086182,0.5158001184463501,0.1174337193369865,0.5577884912490845,0.3649732768535614,0.5386294722557068,0.3122253119945526,0.0437035486102104,0.0217347051948308,0.0231938101351261,0.0244116634130477,0.0153104830533266,0.0139108942821621,0.0089770462363958,0.0330572091042995,0.0139108942821621,0.0700085908174514,0.0618809573352336,0.1609418988227844,0.1786991655826568,0.0881829708814621,0.3717781603336334,-0.0499654822051525,0.5312579870223999,-0.0846704319119453,0.5783159136772156,-0.0883467644453048,0.58458411693573,-0.0727707296609878,0.571921944618225,0.4901930391788482,0.5048820376396179,0.733120322227478,0.7588820457458496,0.9107875823974608,0.9754048585891724,0.943647027015686,-0.5534412860870361,-0.6103858351707457,-0.4884567558765411,-0.6109513640403748,-0.2021474689245224,-0.4884567558765411,-0.47726571559906,-0.5592567324638367,0.0549838542938232,-0.4632521867752075,0.5105006098747252,-0.5516630411148071,1.046554684638977,-0.6968056559562683,1.118881344795227,-0.7117688655853271,1.1484028100967407,-0.8118470907211303,1.0610281229019165,-0.733284592628479,0.1671587079763412,-0.1675554513931274,0.417579174041748,-0.1208515465259552,0.9290547966957092,0.2411248683929443,0.965613543987274,0.2666524052619934,0.794462502002716,-0.0710574761033058,0,1
0.4896821677684784,0.495075911283493,0.5031288862228394,0.4224598407745361,0.4855280220508576,0.3833962678909302,0.5278608798980713,0.1256468594074249,0.4940687716007232,0.4983938932418823,0.1236912831664085,0.5558242797851562,0.3645769655704498,0.538508415222168,0.3122161328792572,0.0426433533430099,0.0209161471575498,0.0224766172468662,0.0238058026880025,0.0145771084353327,0.0141128422692418,0.0087364185601472,0.0330191068351268,0.0141128422692418,0.0691462829709052,0.0603782013058662,0.1551994085311889,0.1783347278833389,0.0448228977620601,0.3716225028038025,-0.0967609137296676,0.5312483310699463,-0.1342683434486389,0.5783560276031494,-0.138695865869522,0.5844359993934631,-0.1222875341773033,0.5716995000839232,0.4897758364677428,0.5030949711799622,0.7319524288177489,0.7584124803543091,0.910593330860138,0.9754434823989868,0.9436341524124144,-0.5407418012619019,-0.5841259956359863,-0.458088755607605,-0.583918571472168,-0.1855720579624176,-0.458088755607605,-0.4701424837112426,-0.5285149216651917,0.0603051334619522,-0.4378454387187958,0.486766904592514,-0.5193360447883606,0.854486346244812,-0.6794177889823914,0.8919225335121154,-0.6465118527412416,0.9162757992744444,-0.7847933173179625,0.861446738243103,-0.7004097104072571,0.1618000417947769,-0.1625147759914398,0.3796720206737518,-0.1218566223978996,0.8863005042076112,0.2300072312355041,0.9149916172027588,0.2530483603477478,0.7442063093185424,-0.0901433825492858,0,1
0.4802484810352325,0.4841298758983612,0.4917749762535095,0.4155336618423461,0.4727145731449127,0.3775549232959747,0.527189314365387,0.1353078037500381,0.4976575076580048,0.4985975027084351,0.1332300007343292,0.5524152517318726,0.3636317253112793,0.5384718775749208,0.3122524619102478,0.0422471389174461,0.0206342041492462,0.0222213547676801,0.0236102566123008,0.0144093381240963,0.015157108195126,0.0087555246427655,0.0330452620983123,0.015157108195126,0.0684699416160583,0.059722501784563,0.1482004672288894,0.1784631907939911,0.0318527035415172,0.3719554543495177,-0.1173077076673507,0.530983567237854,-0.1541029810905456,0.5783588886260985,-0.1583025753498077,0.5843019485473633,-0.1424354016780853,0.5713933706283569,0.48811274766922,0.4999579787254333,0.7293604016304016,0.7574554681777954,0.910486102104187,0.97535640001297,0.943746268749237,-0.420289397239685,-0.474289059638977,-0.3970496356487273,-0.4748822152614593,-0.110478475689888,-0.3970496356487273,-0.358709841966629,-0.4352914988994598,0.0704671815037727,-0.3611413240432739,0.3939450681209564,-0.4207904040813446,0.7368958592414856,-0.5330010056495667,0.7566218972206116,-0.5250308513641356,0.7720643877983093,-0.6337506771087646,0.7363881468772888,-0.5658072233200073,0.1519064754247665,-0.1528521627187729,0.2920587062835693,-0.1214594319462776,0.7448790073394774,0.2343126982450484,0.7732678651809692,0.2566778361797333,0.5816580653190613,-0.0914059877395629,0,1
0.4669058620929718,0.4703367054462433,0.477643758058548,0.4092871248722077,0.4595721065998077,0.3750959932804108,0.5341300368309021,0.1606651246547698,0.5203204154968262,0.5180848240852356,0.1622506082057953,0.5508413910865784,0.3622393012046813,0.5384683609008789,0.3124788105487823,0.0397919379174709,0.0195530261844396,0.0211909487843513,0.0226929951459169,0.0139188040047883,0.0178077649325132,0.0087771015241742,0.0330779142677784,0.0178077649325132,0.0649225935339927,0.0579473972320556,0.1457895934581756,0.1784526407718658,0.0308400094509124,0.3709139227867126,-0.1218226104974746,0.5270572900772095,-0.1599523723125457,0.5764400362968445,-0.1645922213792801,0.5826331377029419,-0.1475991308689117,0.5688844919204712,0.4872450828552246,0.4978245198726654,0.7272763252258301,0.754648983478546,0.9095997810363768,0.9692970514297484,0.9425784349441528,-0.3109637498855591,-0.3648431897163391,-0.3036638796329498,-0.3654271066188812,-0.0330057553946971,-0.3036638796329498,-0.255601167678833,-0.3315446972846985,0.0733978673815727,-0.2780120968818664,0.0102253444492816,-0.3048392236232757,-0.0527531877160072,-0.3672915697097778,-0.1138714179396629,-0.3700993955135345,-0.0766680538654327,-0.473478227853775,-0.0574476569890976,-0.402884304523468,0.1300513446331024,-0.1310723721981048,0.212568774819374,-0.103726103901863,0.6098456978797913,0.2471555918455124,0.6337246894836426,0.2674610912799835,0.4316741526126861,-0.0776066184043884,0,1
0.4498936831951141,0.4544358849525452,0.4619835019111633,0.3981906175613403,0.4485589861869812,0.3682472705841064,0.5986481308937073,0.1874566823244094,0.5854648351669312,0.5624420642852783,0.1923371255397797,0.5500019788742065,0.3617558479309081,0.5385059118270874,0.3122768104076385,0.0336046814918518,0.0166665986180305,0.0181936807930469,0.0196483042091131,0.0124586513265967,0.0195154268294572,0.0086935004219412,0.0324884355068206,0.0195154268294572,0.0566289313137531,0.0525334887206554,0.1418106257915496,0.1779007315635681,0.0197770334780216,0.3708558678627014,-0.1456169188022613,0.5264449715614319,-0.1848796010017395,0.5763717293739319,-0.1911091208457946,0.582527220249176,-0.174257606267929,0.5685548186302185,0.486441433429718,0.4959584176540375,0.7260823845863342,0.754396378993988,0.9085986018180848,0.9647647738456726,0.9404174089431762,-0.2843563258647918,-0.3359837830066681,-0.2731123864650726,-0.3364758491516113,-0.015392511151731,-0.2731123864650726,-0.233406201004982,-0.3063284158706665,0.0738280713558197,-0.2558150291442871,0.0171120595186948,-0.2702902853488922,-0.0065385429188609,-0.328340619802475,-0.0678678750991821,-0.330372154712677,-0.0432885475456714,-0.4370496571063995,-0.0163650400936603,-0.3665484488010406,0.1184767186641693,-0.1195243224501609,0.1949431598186493,-0.097895972430706,0.5917775630950928,0.2453533411026,0.6153905391693115,0.2635340094566344,0.4077595174312592,-0.084799438714981,0,1
0.4412343800067901,0.4448772370815276,0.4523923695087433,0.391448438167572,0.4430802762508392,0.3623411357402801,0.6179848313331604,0.2180844992399216,0.6033434271812439,0.5756710171699524,0.2234153598546981,0.5493440628051758,0.3618471324443816,0.5384216904640198,0.3121324181556701,0.03146693110466,0.0153473895043134,0.0167566947638988,0.0181248467415571,0.0120252417400479,0.0218244306743144,0.0087475646287202,0.0322860442101955,0.0218244306743144,0.0540972761809825,0.051180638372898,0.140520840883255,0.1767179071903228,0.0284153968095779,0.3675071597099304,-0.1445224285125732,0.5238819122314453,-0.1822583824396133,0.5747953653335571,-0.1872962713241577,0.580600917339325,-0.1708503067493438,0.5660290718078613,0.4852634072303772,0.495299756526947,0.7243874073028563,0.7543885111808778,0.9084790349006652,0.9624737501144408,0.9397972226142884,-0.2776601016521454,-0.3277251124382019,-0.2589606940746307,-0.3281297087669372,-0.0097620952874422,-0.2589606940746307,-0.2274314016103744,-0.2979441583156585,0.0687571242451667,-0.236841008067131,-0.0622203983366489,-0.2392247319221496,-0.1536061018705368,-0.2812966704368592,-0.2341534942388534,-0.2832664847373962,-0.2013517767190932,-0.387976974248886,-0.1626159399747848,-0.318373829126358,0.108512282371521,-0.1095508188009262,0.1796699911355972,-0.0856042727828025,0.5330137610435486,0.2359848469495773,0.5520874857902527,0.2526561617851257,0.3386827111244201,-0.0946012213826179,0,1
0.4417192339897156,0.443153291940689,0.450352132320404,0.3901755511760712,0.4410660564899444,0.3610858619213104,0.6561045050621033,0.2473479807376861,0.630378782749176,0.5998536348342896,0.2627848386764526,0.5493878126144409,0.3646216094493865,0.5383312702178955,0.311080127954483,0.0319276042282581,0.0154691040515899,0.0167992729693651,0.0181770175695419,0.0123397326096892,0.0235556159168481,0.0094677377492189,0.0322422198951244,0.0235556159168481,0.0543494522571563,0.0513947531580925,0.1397055685520172,0.1760827749967575,0.0350465811789035,0.3658655881881714,-0.117973230779171,0.5231224298477173,-0.1709580719470977,0.5746653079986572,-0.1759852617979049,0.5804811716079712,-0.1588476002216339,0.5645228028297424,0.4848597943782806,0.4951907098293304,0.7224684357643126,0.7541175484657286,0.908101201057434,0.9601882100105285,0.9386777877807616,-0.2964279949665069,-0.348169207572937,-0.2800925970077514,-0.3485700786113739,-0.0230721905827522,-0.2800925970077514,-0.2437169402837752,-0.3165571987628937,0.0683203190565109,-0.2593128085136413,-0.0801386684179305,-0.2787362337112427,-0.2104580104351044,-0.3315457105636596,-0.2971129417419433,-0.3389875292778015,-0.2539341151714325,-0.4380977153778076,-0.2156309485435485,-0.3655773997306824,0.107572428882122,-0.1084779426455497,0.1978104412555694,-0.0806778594851493,0.5639258623123169,0.2303719371557236,0.5851012468338013,0.2471279352903366,0.3788329660892487,-0.0963263064622879,0,1
0.4447064697742462,0.447678416967392,0.4553870856761932,0.3964002430438995,0.4406641721725464,0.3617943227291107,0.792354941368103,0.2815434336662292,0.8076013922691345,0.7767927646636963,0.3039610385894775,0.5488366484642029,0.3672179877758025,0.538178563117981,0.310945987701416,0.0356969609856605,0.0193329825997352,0.0197899118065834,0.0203316397964954,0.0172266326844692,0.0254694279283285,0.0140936598181724,0.0323442369699478,0.0254694279283285,0.0544747412204742,0.0534140467643737,0.1402055919170379,0.1742680221796035,0.0478251874446868,0.3635874092578888,-0.122063361108303,0.5196051001548767,-0.1630635559558868,0.5737828016281128,-0.1713869869709015,0.5798746943473816,-0.1537254750728607,0.5621356964111328,0.4847722947597504,0.4948801398277282,0.721893072128296,0.7539280652999878,0.9081212282180786,0.9585338830947876,0.9387162923812864,-0.2831238806247711,-0.3484228253364563,-0.2878299653530121,-0.3487038612365722,-0.0048927264288067,-0.2878299653530121,-0.2309461385011672,-0.3204063773155212,0.1236896961927414,-0.3334580063819884,0.1142601296305656,-0.4202581942081451,0.0557189658284187,-0.4639444947242737,-0.0584388300776481,-0.4648531973361969,-0.1412694156169891,-0.5653619766235352,-0.0182129219174385,-0.4985975921154022,0.1230653896927833,-0.12379802018404,0.2222533822059631,-0.0818224772810935,0.5789936780929564,0.2274163514375686,0.5972519516944885,0.2434866726398468,0.3888449370861053,-0.1008983477950096,0,1
0.4476710855960845,0.4505429863929748,0.4584614932537079,0.404695302248001,0.4382301270961761,0.3637430369853973,0.8907558917999268,0.3106751441955566,0.949443817138672,0.9253717064857484,0.3423793017864227,0.542823314666748,0.36773943901062,0.5378187894821167,0.3104255795478821,0.0379436276853084,0.0211472101509571,0.0212252251803874,0.0214095693081617,0.0197845064103603,0.0263179801404476,0.0169377364218235,0.032383382320404,0.0263179801404476,0.0551397092640399,0.0559385493397712,0.1403569430112838,0.1699228286743164,0.0642516463994979,0.3542530834674835,-0.0969505906105041,0.5104467272758484,-0.1011822447180748,0.5657065510749817,-0.1192272901535034,0.5721753835678101,-0.121889628469944,0.5537570714950562,0.485523372888565,0.4949347376823425,0.7218542098999022,0.7536081075668336,0.9083151817321776,0.9570044279098512,0.9390142560005188,-0.2531558871269226,-0.3281491100788116,-0.3005257844924927,-0.3283107876777649,0.0166944488883018,-0.3005257844924927,-0.1991056650876999,-0.3013747036457062,0.215028703212738,-0.4121251404285431,0.4519523084163666,-0.5543862581253052,0.6036630868911743,-0.5838791131973267,0.6039927005767822,-0.5889275670051575,0.552013099193573,-0.6827072501182556,0.5652574300765991,-0.6160444021224976,0.1555435955524444,-0.1561223119497299,0.3268948197364807,-0.0790486484766006,0.603861391544342,0.2268199026584624,0.6187356114387512,0.2424642145633697,0.4106564819812775,-0.0968606621026993,0,1
0.4486132264137268,0.4530306458473205,0.4601415991783142,0.4079419374465942,0.436115562915802,0.3646563589572905,0.9031811952590942,0.3304964601993561,0.955618381500244,0.9400066137313842,0.3648938834667206,0.5409653782844543,0.3682062327861785,0.5362779498100281,0.3090843558311462,0.038400012999773,0.0213072337210178,0.0213798359036445,0.021541591733694,0.0198755599558353,0.0262918919324874,0.0170891527086496,0.0323773957788944,0.0262918919324874,0.0553730949759483,0.0567687973380088,0.1424953788518905,0.1650718599557876,0.0915641635656356,0.3304048180580139,0.0199594590812921,0.4637377858161926,-0.0009678727947175,0.5135964155197144,-0.0117494761943817,0.5097222328186035,-0.0035098693333566,0.4972911775112152,0.4857041835784912,0.4948020875453949,0.7218590378761292,0.7535920739173889,0.908457100391388,0.955468475818634,0.9391144514083862,-0.1351087838411331,-0.2089777439832687,-0.2293289452791213,-0.2089841365814208,0.1188498735427856,-0.2293289452791213,-0.0868323445320129,-0.1877514719963073,0.2890963554382324,-0.3512413799762726,0.5271677374839783,-0.4995490908622741,0.6339042782783508,-0.4587995409965515,0.6278992295265198,-0.4553704559803009,0.5665228366851808,-0.5491040349006653,0.5958701372146606,-0.4909214079380035,0.1664721667766571,-0.1670314967632293,0.3400005996227264,-0.0802036002278327,0.6107760667800903,0.2261494696140289,0.6322077512741089,0.2411358058452606,0.426279067993164,-0.0866871327161789,0,1
0.4497693777084351,0.4546933174133301,0.4612393975257873,0.4088080227375031,0.4354767203330993,0.3652192056179047,0.9302329421043396,0.3611848056316376,0.9992427229881288,0.9792518019676208,0.4285015165805816,0.5396201014518738,0.3685107827186584,0.534660577774048,0.307902693748474,0.0390958711504936,0.0215203799307346,0.0215549618005752,0.0216562245041132,0.0200270675122737,0.0261879600584506,0.0171860232949256,0.0322981439530849,0.0261879600584506,0.0556165762245655,0.0571910329163074,0.1464502811431884,0.1619975715875625,0.1299238055944442,0.3171387612819672,0.0839350447058677,0.4500435888767242,0.0743505805730819,0.4989825785160064,0.0684535354375839,0.4945638775825501,0.0739919170737266,0.4888483881950378,0.4857082962989807,0.4945847988128662,0.7218211889266967,0.753655195236206,0.9084515571594238,0.9537360072135924,0.9390996098518372,-0.1525022536516189,-0.2297594547271728,-0.2510643601417541,-0.2297156453132629,0.1143537238240242,-0.2510643601417541,-0.0982117354869842,-0.2037516683340073,0.3231076002120972,-0.365803062915802,0.6995744109153748,-0.5209377408027649,0.9069681763648986,-0.5211048722267151,0.9237293601036072,-0.5340786576271057,0.8371726870536803,-0.6208047866821289,0.86396586894989,-0.5500447154045105,0.1865049004554748,-0.1869587749242782,0.3690584301948547,-0.0808582231402397,0.6735699772834778,0.2298735529184341,0.6901103258132936,0.248558446764946,0.5048296451568604,-0.0620983876287937,0,1
0.4521900117397308,0.4550533592700958,0.4608223438262939,0.4089069068431854,0.4348387122154236,0.3658499717712402,0.9527723789215088,0.4000213742256164,1.0139753818511963,0.995021402835846,0.4460902810096741,0.5389864444732666,0.3686662912368774,0.5337305068969728,0.3077845275402068,0.0411014407873153,0.0228040311485528,0.0228191446512937,0.0228191167116165,0.0209371708333492,0.0261475481092929,0.0177867412567138,0.0324200019240379,0.0261475481092929,0.0572295263409614,0.0583528093993663,0.1492581814527511,0.162164032459259,0.1619835942983627,0.3231379985809326,0.1501437127590179,0.459857940673828,0.1439544707536697,0.5167824029922485,0.1410249173641204,0.5150156021118164,0.146576702594757,0.4893206059932709,0.4858120381832122,0.4948747158050536,0.7217817902565001,0.7537723779678344,0.9084203839302064,0.9527775049209594,0.9391121864318848,-0.1963010430335998,-0.2687521874904632,-0.2612150609493256,-0.2688395977020264,0.0785980224609375,-0.2612150609493256,-0.1414940655231475,-0.2401388585567474,0.2942494750022888,-0.422003298997879,0.6689987182617188,-0.5961121320724487,0.838584065437317,-0.6217730641365051,0.8454764485359191,-0.65921550989151,0.7467131614685057,-0.7466292381286621,0.7902088761329651,-0.6526066064834595,0.1980527937412261,-0.1984908580780028,0.3914984762668609,-0.0892385244369506,0.7785453200340272,0.2424994558095932,0.8012393712997437,0.2651985883712768,0.6124350428581238,-0.0531958378851413,0,1
0.4536070823669433,0.4550463855266571,0.4603370130062103,0.4085348844528198,0.434126317501068,0.3659518361091614,0.9376788735389708,0.4520566165447235,1.0028131008148191,0.977218210697174,0.4903066456317901,0.5384079217910768,0.3684855699539184,0.5329158902168274,0.3078870475292206,0.041216779500246,0.0228437054902315,0.0229140780866146,0.0229498073458671,0.0208720974624156,0.02608641423285,0.0177643727511167,0.0323750786483287,0.02608641423285,0.0573787502944469,0.0583621487021446,0.1531931757926941,0.1629882156848907,0.1886359304189682,0.3257179856300354,0.2060894221067428,0.4671393930912018,0.2104327231645584,0.5246905088424683,0.2108948230743408,0.52414470911026,0.2106157541275024,0.5022683739662169,0.4858182370662688,0.4950764179229736,0.721788227558136,0.7536965608596802,0.9082325100898744,0.9513942003250122,0.9391275644302368,-0.3553950190544128,-0.4321089982986449,-0.4209812581539153,-0.4319329261779784,-0.0613597705960273,-0.4209812581539153,-0.2948269248008728,-0.3973964750766753,0.2485499531030655,-0.5609213709831238,0.61539226770401,-0.7229178547859191,0.7709420323371886,-0.7561113834381102,0.7716654539108275,-0.8235840797424316,0.6658929586410521,-0.9067758321762084,0.7207925319671632,-0.7867711186408995,0.2098215073347092,-0.2101246118545532,0.4980135560035705,-0.0342049188911914,0.9417256116867064,0.4050205945968628,0.9699363708496092,0.4365674853324889,0.772503137588501,0.1048057004809379,0,1
0.454912781715393,0.4555472433567047,0.4604589641094208,0.4091864228248596,0.4343771338462829,0.3662748038768768,0.930029809474945,0.4924242794513702,1.0026962757110596,0.9757501482963562,0.5242478847503662,0.536433219909668,0.3665638267993927,0.5318161249160768,0.308563232421875,0.0422232188284397,0.0234259366989135,0.023544929921627,0.0236003324389457,0.0211253948509693,0.0259336326271295,0.0177515540271997,0.0323826596140861,0.0259336326271295,0.0586508922278881,0.0591784119606018,0.1564144194126129,0.1630134880542755,0.2175400555133819,0.3292985260486603,0.2623542249202728,0.4686771929264068,0.2673086524009704,0.5180202126502991,0.2691205739974975,0.5111210346221924,0.2704986929893493,0.4956702291965484,0.481620967388153,0.4917712807655334,0.7211281657218933,0.7520093917846679,0.907789885997772,0.9510623216629028,0.9388355016708374,-0.3400006294250488,-0.4079374074935912,-0.3894449770450592,-0.4078234434127808,-0.0544495619833469,-0.3894449770450592,-0.2826297879219055,-0.3737085163593292,0.2359589487314224,-0.4887794554233551,0.5432893633842468,-0.6153075098991394,0.4825775921344756,-0.6543213129043579,0.4405785501003265,-0.6991601586341858,0.3274160325527191,-0.7828817367553712,0.4249164164066314,-0.6874732971191406,0.2033154368400573,-0.2039667516946793,0.3665727376937865,-0.1014067754149436,0.7168623805046082,0.2185148894786834,0.7349039912223816,0.2344019114971161,0.5399633049964905,-0.0994887873530387,0,1
0.4554333984851836,0.4560295939445496,0.4608940482139587,0.4095644652843475,0.432529866695404,0.366180032491684,0.9127334356307985,0.5148637294769287,0.9772273302078248,0.9564495682716369,0.5574504137039185,0.5348055362701416,0.3664851784706116,0.5308507084846497,0.3100632429122925,0.0433260276913642,0.0244795326143503,0.0245856754481792,0.0246146079152822,0.022004846483469,0.026000365614891,0.018309012055397,0.0324657037854194,0.026000365614891,0.0591945573687553,0.0596708841621875,0.1589040756225586,0.1595076471567154,0.2454392164945602,0.3184823393821716,0.308088719844818,0.4382871985435486,0.3262263238430023,0.4821029603481293,0.3285079300403595,0.4761997759342193,0.3237512707710266,0.4623541831970215,0.4752682149410248,0.4851974546909332,0.720848798751831,0.7502536177635194,0.9077108502388,0.951348602771759,0.93882817029953,-0.2199877351522445,-0.2727172076702117,-0.2166158705949783,-0.2726165652275085,0.0354770086705684,-0.2166158705949783,-0.1673393100500106,-0.2378071099519729,0.2735521197319031,-0.3520227670669556,0.5265753269195557,-0.4928050637245177,0.4117714464664459,-0.5602341294288635,0.3512197732925415,-0.6660115122795105,0.2461884766817093,-0.7035995721817017,0.3591891527175904,-0.5777730941772461,0.1785841435194015,-0.1784612238407135,0.2803585827350616,-0.1646529138088226,0.532074511051178,-0.0200456529855728,0.5395529270172119,-0.0210650600492954,0.3372489809989928,-0.3632431328296661,0,1
0.4559454917907714,0.4560980498790741,0.4607229828834533,0.4096556305885314,0.4320490956306457,0.3653749227523804,0.8976922631263733,0.550911009311676,0.9564068913459776,0.9347553849220276,0.6064701676368712,0.5355985760688782,0.3659842908382416,0.5303531885147095,0.31010901927948,0.0440306589007377,0.0251354686915874,0.0252707693725824,0.0253347121179103,0.0225589014589786,0.0260499604046344,0.0187012981623411,0.0326346792280674,0.0260499604046344,0.0595063380897045,0.0600100234150886,0.1619485318660736,0.156243473291397,0.2656771540641784,0.2898648381233215,0.3480011522769928,0.4052167534828185,0.3746191561222077,0.4420294761657714,0.3779602646827698,0.4361051917076111,0.3728451132774353,0.4251943230628967,0.4710757136344909,0.4807655215263367,0.7207469940185546,0.7489810585975648,0.9078760147094728,0.9529442787170408,0.939623475074768,-0.1551723033189773,-0.2058007568120956,-0.1286607831716537,-0.2058459669351577,0.1140129268169403,-0.1286607831716537,-0.0992958471179008,-0.1679353713989257,0.3293470740318298,-0.2739297151565552,0.512301504611969,-0.4332945942878723,0.2724659740924835,-0.521956205368042,0.1859666556119918,-0.660686731338501,0.0770357102155685,-0.6755622625350952,0.2180608361959457,-0.5371705293655396,0.1684094816446304,-0.1681192219257354,0.1905391216278076,-0.2026237547397613,0.4740693867206573,-0.016025822609663,0.4838484823703766,-0.0121372379362583,0.2599059343338012,-0.3707797229290008,0,1
0.4559616148471832,0.4555314779281616,0.4600240886211395,0.4088135063648224,0.4308141171932221,0.362778514623642,0.8803671002388,0.6766077876091003,0.949357271194458,0.928497552871704,0.7176152467727661,0.5356773734092712,0.3651315569877625,0.5299036502838135,0.3091527819633484,0.0446238107979297,0.0255097690969705,0.02560256421566,0.0256221387535333,0.0230333302170038,0.0263541582971811,0.0191344507038593,0.0326919890940189,0.0263541582971811,0.0599739961326122,0.0608353801071643,0.1644235700368881,0.1568302810192108,0.2915200889110564,0.2891780734062195,0.3850552439689636,0.3834464848041534,0.4188120365142822,0.4148567616939544,0.420699268579483,0.3987574577331543,0.4113484919071197,0.3904840648174285,0.4715283513069153,0.4815416932106017,0.7225777506828307,0.7498220801353455,0.9090258479118348,0.9575387835502625,0.9429217576980592,-0.1771100312471389,-0.2284173071384429,-0.1551337391138076,-0.228355810046196,0.0884782597422599,-0.1551337391138076,-0.1201948449015617,-0.1894348114728928,0.2956126630306244,-0.3028936088085174,0.4502095878124237,-0.4030438661575317,0.2774321138858795,-0.4112248420715332,0.1997087895870208,-0.5092991590499878,0.111179232597351,-0.5514782667160033,0.2327880263328552,-0.4271690845489501,0.1580471098423004,-0.1578800529241562,0.194725140929222,-0.1860690712928772,0.4540596902370453,0.0594265349209308,0.4640897512435912,0.0662796944379806,0.2604889571666717,-0.2718141376972198,0,1
0.4570342302322388,0.4569468200206756,0.4613801240921021,0.4095974266529083,0.4308851957321167,0.3626752495765686,0.8354580402374268,0.5651931762695312,0.898862898349762,0.8689776062965393,0.6013916730880737,0.5357809662818909,0.364694595336914,0.5299069881439209,0.3084708452224731,0.0465779080986976,0.0275862123817205,0.0276754349470138,0.0276916660368442,0.0250615086406469,0.0277100745588541,0.0208626296371221,0.0341615155339241,0.0277100745588541,0.0628595501184463,0.0637453347444534,0.165755957365036,0.1573457568883896,0.2965599000453949,0.2613213956356048,0.4160315990447998,0.2439635097980499,0.4498735964298248,0.2358236312866211,0.4535694122314452,0.2215538024902344,0.4446378648281097,0.2306337654590606,0.471794456243515,0.4822863638401032,0.7240870594978333,0.7499336004257202,0.9092866778373718,0.9587013125419616,0.9437850713729856,-0.190067633986473,-0.2438558638095856,-0.1631700247526168,-0.2437331527471542,0.0935860499739646,-0.1631700247526168,-0.1263950616121292,-0.1999543756246566,0.2807891368865967,-0.277575135231018,0.3943714499473572,-0.4258169531822204,0.2282540649175644,-0.4480887055397033,0.163123071193695,-0.5183911919593811,0.0803621262311935,-0.5900034308433533,0.1909049600362777,-0.4747612476348877,0.1572461128234863,-0.1571862697601318,0.1612697541713714,-0.1662854850292205,0.4934866726398468,0.087936095893383,0.5113633275032043,0.0987086594104766,0.2876047492027282,-0.2375225126743317,0,1
0.4585229158401488,0.4581538736820221,0.4629574120044708,0.4095939993858337,0.4323517382144928,0.3625021576881408,0.8100804090499878,0.5865712761878967,0.8607563376426696,0.8358007669448851,0.6160240173339844,0.5359776616096497,0.3639580905437469,0.5299062132835388,0.3068531155586242,0.0458975881338119,0.0271063987165689,0.0273735523223876,0.0275343004614114,0.0242462866008281,0.027689304202795,0.0198829434812068,0.034250408411026,0.027689304202795,0.0627953261137008,0.0637132078409195,0.1720093488693237,0.1542112529277801,0.3086124360561371,0.2388801872730255,0.4294605255126952,0.2075599133968352,0.4684237837791442,0.2136234939098358,0.4710516035556792,0.2097853720188141,0.4613195359706879,0.2092697322368621,0.4726508557796478,0.4828365743160248,0.7253717780113219,0.75085312128067,0.910494804382324,0.9615982174873352,0.9450109601020814,-0.1880790144205093,-0.2458889484405517,-0.1380743831396103,-0.2458237558603286,0.1430335938930511,-0.1380743831396103,-0.1172197982668876,-0.1970170140266418,0.3340849280357361,-0.2890838384628296,0.4310854971408844,-0.6973962783813477,0.299979418516159,-0.8717804551124573,0.2448257058858871,-0.9609299302101136,0.1587176918983459,-0.9701882004737854,0.2606699764728546,-0.8767629265785217,0.1661061346530914,-0.1659780889749526,0.1628447473049163,-0.156297892332077,0.5298129916191101,0.1565852165222168,0.5399320125579834,0.1781415343284607,0.3235092461109161,-0.1895166188478469,0,1
0.4587470889091492,0.4582427144050598,0.4634025990962982,0.4084656536579132,0.4358402788639068,0.3623760938644408,0.7786465287208557,0.5888559222221376,0.8235136866569518,0.8043692708015443,0.6326448917388916,0.5365588068962097,0.3637219369411469,0.5299105048179625,0.3050046265125274,0.0451811999082565,0.0256527327001094,0.0260069482028484,0.0262834727764129,0.0230316910892724,0.0276553090661764,0.0190427917987108,0.0342110618948936,0.0276553090661764,0.0626667737960815,0.063647374510765,0.1779198348522186,0.1546124815940857,0.3236175179481506,0.197407379746437,0.4450580179691314,0.153783693909645,0.4860897660255432,0.1484342366456985,0.487494558095932,0.1427583396434784,0.4782366752624512,0.1464447230100631,0.4770728945732116,0.4854055941104889,0.7275220155715942,0.752138912677765,0.9107549786567688,0.961946189403534,0.9452708959579468,-0.312319278717041,-0.364937037229538,-0.1629513055086136,-0.3648995757102966,0.0970108434557914,-0.1629513055086136,-0.237549141049385,-0.3092593848705292,0.3183708786964416,-0.3649665713310241,0.387130469083786,-0.9599414467811584,0.2816361486911773,-1.1976349353790283,0.2328581064939499,-1.3008710145950315,0.1491139531135559,-1.278490662574768,0.2459142506122588,-1.1918143033981323,0.1735328584909439,-0.1733921319246292,0.1725372970104217,-0.1557582467794418,0.6162562966346741,0.2073168605566024,0.6450636386871338,0.2326057404279709,0.3648975491523743,-0.1475005447864532,0,1
0.458827555179596,0.4580721855163574,0.4632680118083954,0.408454567193985,0.4374756217002868,0.3634825050830841,0.7537597417831421,0.5710092782974243,0.7917488217353821,0.7768056392669677,0.6133294701576233,0.5366259813308716,0.363585889339447,0.5299447178840637,0.3033816516399383,0.0452571511268615,0.0256638024002313,0.0260212533175945,0.0263170953840017,0.0232041254639625,0.0302230715751647,0.0198617819696664,0.0362866893410682,0.0302230715751647,0.063337817788124,0.0640931650996208,0.1866715848445892,0.1541669070720672,0.3406319022178649,0.1699583679437637,0.4577852189540863,0.0949495434761047,0.5013916492462158,0.0866355895996093,0.5036733746528625,0.0845618471503257,0.4924854636192322,0.0899915173649787,0.4805423319339752,0.4865090847015381,0.7280859351158142,0.7528311610221863,0.9106292724609376,0.962041199207306,0.9452866315841674,-0.291626513004303,-0.3482201397418976,-0.1580739319324493,-0.3481383621692657,0.102043978869915,-0.1580739319324493,-0.2214830964803696,-0.2983684837818146,0.3014456033706665,-0.3689700663089752,0.3612585663795471,-1.0094419717788696,0.2605457305908203,-1.256182074546814,0.2140507102012634,-1.3661876916885376,0.1311917603015899,-1.3383283615112305,0.2258869558572769,-1.2506994009017944,0.1770278364419937,-0.1769139021635055,0.1910405904054641,-0.159622848033905,0.6158629655838013,0.2007499635219573,0.6443012356758118,0.2280016839504241,0.3533202707767486,-0.1765600740909576,0,1
0.4574282765388489,0.4576319754123688,0.4629756212234497,0.4075180888175964,0.4375426769256592,0.3629958629608154,0.7353419065475463,0.5809919834136963,0.7687672376632689,0.7543039321899414,0.6167302131652832,0.5366955399513245,0.3633338510990143,0.5299941301345825,0.3018701374530792,0.0524059049785137,0.0335989445447921,0.0336464382708072,0.0335777699947357,0.03245859593153,0.0396714583039283,0.0301928408443927,0.0449740998446941,0.0396714583039283,0.0713371336460113,0.0716301649808883,0.1909571439027786,0.1549071371555328,0.3443899750709533,0.119107685983181,0.4642353057861328,0.0200760308653116,0.507086455821991,-0.005036742426455,0.5101466178894042,-0.0099601000547409,0.498845875263214,0.008113769814372,0.4843122959136962,0.4873434901237488,0.7288656234741211,0.7532502412796019,0.9096194505691528,0.9628187417984008,0.945119559764862,-0.3504678010940552,-0.4067969024181365,-0.2267618179321288,-0.4066788852214812,0.0367588810622692,-0.2267618179321288,-0.2834903001785278,-0.3605066537857056,0.2297225147485732,-0.4591091573238373,0.3375370800495148,-1.11508309841156,0.2602597177028656,-1.1979740858078003,0.2151270061731338,-1.3148465156555176,0.1268284320831298,-1.2761484384536743,0.2234488427639007,-1.1898996829986572,0.1798961460590362,-0.1797476410865783,0.2715288400650024,-0.1409622579813003,0.7253052592277527,0.2284959405660628,0.7551434636116029,0.2513456642627716,0.4917789399623871,-0.1315336376428604,0,1
0.4487216472625733,0.4535723924636841,0.460066556930542,0.3994148671627044,0.4373044669628143,0.3592123687267303,0.7076314687728882,0.5239033699035645,0.7403056621551514,0.7209036946296691,0.542620837688446,0.5353907942771912,0.3630183041095733,0.5297337770462036,0.3019692003726959,0.0527881495654583,0.0334666185081005,0.0336351729929447,0.0336675718426704,0.0318558178842067,0.0388779267668724,0.0293278880417346,0.0445838049054145,0.0388779267668724,0.071373775601387,0.0712727904319763,0.1881337612867355,0.1495529264211654,0.3449887633323669,0.0594385378062725,0.4676707684993744,-0.1072653979063034,0.5120041966438292,-0.1393609344959259,0.5155404210090637,-0.1598853766918182,0.5034655928611755,-0.1140942126512527,0.4841038286685944,0.4833564162254333,0.7283567786216736,0.7520614266395568,0.9085666537284852,0.9631960988044738,0.9448820948600768,-0.4318934679031372,-0.480716198682785,-0.2756897509098053,-0.4804520606994629,-0.0463778376579284,-0.2756897509098053,-0.3718686401844024,-0.4380469024181365,0.1483604460954666,-0.4725068509578705,0.2714556753635406,-1.1167439222335815,0.190078780055046,-1.1738685369491575,0.131731629371643,-1.310835838317871,0.0463982634246349,-1.2624669075012207,0.1513617187738418,-1.1702257394790647,0.1796169430017471,-0.1795050054788589,0.3212864696979522,-0.1235631704330444,0.7958759665489197,0.2143449336290359,0.8271729946136473,0.2336546778678894,0.5604507327079773,-0.1340823322534561,0,1
0.4523005485534668,0.4564495384693146,0.4616332948207855,0.4049064517021179,0.4372588396072388,0.36157488822937,0.6777532100677489,0.4598675668239593,0.7103534936904907,0.6929327845573425,0.4605328142642975,0.534252405166626,0.3631157279014587,0.5288223624229431,0.3023384809494018,0.0570695810019969,0.0378501042723655,0.0378132201731205,0.0376773476600647,0.0363174602389335,0.0401903912425041,0.0334628000855445,0.0459471717476844,0.0401903912425041,0.0744696483016014,0.0743530243635177,0.1868312954902649,0.1408703476190567,0.3436205983161926,0.0326981768012046,0.4693997502326965,-0.1414072811603546,0.51213538646698,-0.1843479424715042,0.5154455900192261,-0.1845469921827316,0.5023196935653688,-0.1476374864578247,0.4840704798698425,0.4824223518371582,0.7275233268737794,0.751712441444397,0.9082361459732056,0.9632298350334167,0.9448525309562684,-0.3857931792736053,-0.4441456794738769,-0.3060059547424316,-0.443895936012268,-0.0295686554163694,-0.3060059547424316,-0.3252323269844055,-0.4046588540077209,0.1760866343975067,-0.478559523820877,0.3055854439735412,-1.050042748451233,0.2410362064838409,-1.052941083908081,0.1887179911136627,-1.1758239269256592,0.1003542393445968,-1.1420338153839111,0.1998413652181625,-1.0517966747283936,0.1808261275291443,-0.1807404160499572,0.3733923137187958,-0.1112256720662117,0.7923963665962219,0.2078635096549988,0.8183689713478088,0.2280299365520476,0.5518117547035217,-0.1424575597047805,0,1
0.4620704650878905,0.4677942991256714,0.4720896780490875,0.4204719662666321,0.445542961359024,0.3716938495635986,0.6585454344749451,0.4333893954753876,0.6873980760574341,0.6734399199485779,0.4465757608413696,0.5342928767204285,0.3641702830791473,0.5288013219833374,0.3029305636882781,0.061654794961214,0.0409045480191707,0.0406162030994892,0.0402754321694374,0.0396051295101642,0.0399280712008476,0.0363767482340335,0.0460242480039596,0.0399280712008476,0.078409843146801,0.0781875699758529,0.1854805648326873,0.1356472223997116,0.338209331035614,0.0218057446181774,0.4677275121212005,-0.1374278366565704,0.5102840662002563,-0.1637680679559707,0.5143510699272156,-0.1626466959714889,0.4994381964206696,-0.144977182149887,0.4836514890193939,0.4827378392219544,0.7264760136604309,0.751722753047943,0.9086585044860842,0.9668161273002625,0.9451120495796204,-0.431402027606964,-0.4964230358600616,-0.3605795204639434,-0.4961116313934326,-0.053144983947277,-0.3605795204639434,-0.3555609285831451,-0.4439958333969116,0.1851957887411117,-0.5174620747566223,0.3491721153259277,-1.12563157081604,0.2550429999828338,-1.1656718254089355,0.2054935693740844,-1.297797441482544,0.107510007917881,-1.2581453323364256,0.2087683379650116,-1.1625916957855225,0.1936087310314178,-0.1935401707887649,0.4063794016838074,-0.102226123213768,0.8106291890144349,0.217801496386528,0.835561990737915,0.2365983575582504,0.5536678433418274,-0.1459039002656936,0,1
0.4700489342212677,0.4743779897689819,0.4781598746776581,0.4294161796569824,0.451802134513855,0.3801197111606597,0.6429662704467772,0.4141463935375213,0.6700515151023865,0.6579859256744385,0.4272379875183105,0.537262499332428,0.365369588136673,0.5288371443748474,0.3034766912460327,0.0675656422972679,0.0451273694634437,0.044859267771244,0.044610109180212,0.0438064411282539,0.0415977798402309,0.0410629697144031,0.0485803410410881,0.0415977798402309,0.084565445780754,0.0841319113969802,0.185277909040451,0.137613832950592,0.3404858708381653,0.0155642423778772,0.4675141870975494,-0.1427341699600219,0.5075868368148804,-0.1747917830944061,0.5098419785499573,-0.1738471239805221,0.4958120882511138,-0.1582121402025222,0.4834483563899993,0.4831717610359192,0.7254201173782349,0.7499359846115112,0.908804714679718,0.9663785696029664,0.944599151611328,-0.4298992156982422,-0.4986374676227569,-0.3940831124782561,-0.4982593953609466,-0.0674008205533027,-0.3940831124782561,-0.3531745672225952,-0.4462378621101379,0.1782508641481399,-0.5317521095275879,0.3990054726600647,-1.028454303741455,0.2614952623844147,-0.9233826398849488,0.2133613377809524,-1.0349936485290527,0.1117555648088455,-0.9857376217842102,0.2105715572834015,-0.914183795452118,0.192417711019516,-0.1923242807388305,0.4046292901039124,-0.0815792009234428,0.7969430088996886,0.2370171248912811,0.8219762444496154,0.256301611661911,0.5415290594100952,-0.131463199853897,0,1
0.4755494892597198,0.477829098701477,0.4808805286884308,0.4349673390388489,0.4525645375251769,0.3847783505916595,0.6108839511871338,0.4140937030315399,0.6327149868011475,0.618478536605835,0.4344211220741272,0.5392247438430786,0.3675701022148132,0.5291703343391417,0.3042998909950256,0.0665541291236877,0.0444241091609001,0.0441988036036491,0.0439788587391376,0.0430954024195671,0.0411853119730949,0.0404379181563854,0.048148039728403,0.0411853119730949,0.0840059667825698,0.0837256461381912,0.1774896532297134,0.1357859671115875,0.3348042368888855,0.0002577259147074,0.4557417929172516,-0.1636693179607391,0.494452953338623,-0.1967551708221435,0.494002491235733,-0.2068967372179031,0.4814837872982024,-0.1819141954183578,0.4794735014438628,0.4818854331970215,0.7248035669326782,0.7486351728439331,0.9092723727226256,0.966289520263672,0.9443291425704956,-0.4071150422096253,-0.4839953184127808,-0.3648867309093475,-0.4840474724769592,-0.0468104369938373,-0.3648867309093475,-0.3212388455867767,-0.4372675716876984,0.1933922171592712,-0.502472996711731,0.4863093793392181,-0.9938206076622008,0.26724374294281,-0.670413613319397,0.2161803543567657,-0.7655609250068665,0.1223339363932609,-0.7308291792869568,0.2189498543739318,-0.6632011532783508,0.1914351582527161,-0.1913783997297286,0.3749324083328247,-0.0873246639966964,0.7709726095199586,0.2290077209472656,0.7890018224716185,0.2459190338850021,0.4830610156059264,-0.1511673778295516,0,1
0.4788895845413208,0.4785692989826202,0.4814029335975647,0.4367594122886657,0.4528709053993224,0.3891791999340057,0.5772665143013,0.3960441052913666,0.5926966667175293,0.5750615000724792,0.421322762966156,0.5390444993972777,0.3680573701858521,0.5291128754615784,0.3046460747718811,0.0653493851423263,0.0435887388885021,0.0434132665395736,0.0432337522506713,0.042256411164999,0.0408945828676223,0.039744034409523,0.0477817393839359,0.0408945828676223,0.0830034166574478,0.0826496854424476,0.1712774187326431,0.1369507908821106,0.3300629556179046,0.0045135184191167,0.4462276399135589,-0.1563019603490829,0.4818500578403473,-0.1964283734560012,0.4812294542789459,-0.2070222347974776,0.4704944193363189,-0.1820346266031264,0.4773096442222595,0.4810969829559326,0.7242102026939392,0.746494174003601,0.9103282690048216,0.9620766639709472,0.9443175196647644,-0.3186548352241516,-0.3958580493927001,-0.3450111746788025,-0.3955506980419159,-0.0133779197931289,-0.3450111746788025,-0.2469062656164169,-0.3554643094539642,0.2221036553382873,-0.4877232313156128,0.5091836452484131,-0.8848649859428405,0.2823245227336883,-0.6205488443374634,0.2279142439365386,-0.7097665071487427,0.1259475201368332,-0.6640826463699341,0.2232114523649216,-0.6103335618972777,0.1889040172100067,-0.1887043565511703,0.3606831431388855,-0.095423474907875,0.6354347467422485,0.1371805369853973,0.6489781737327576,0.1474641263484954,0.375657558441162,-0.2231065779924392,0,1
0.4813608527183532,0.4782361388206481,0.481031745672226,0.4367459118366241,0.4527973234653473,0.3899753987789153,0.5256564021110535,0.3797944486141205,0.5189540386199951,0.4969490766525268,0.3948100209236145,0.5397260785102844,0.3701488077640533,0.5291245579719543,0.3045499920845032,0.0647342279553413,0.043030746281147,0.0425866954028606,0.0420786589384079,0.0419225320219993,0.0408439375460147,0.0390535183250904,0.0457433387637138,0.0408439375460147,0.0818803310394287,0.0817296802997589,0.1596820056438446,0.1374717801809311,0.0610044226050376,0.0010122149251401,0.0602333918213844,-0.1694750338792801,0.0488228946924209,-0.2098675668239593,0.0411161370575428,-0.2201150953769684,0.044827364385128,-0.1949143707752228,0.4772629737854004,0.4812793135643005,0.7242092490196227,0.7465268373489379,0.9120054244995116,0.9596641659736632,0.9446430206298828,-0.1295167058706283,-0.2166966497898101,-0.2408184111118317,-0.2165019959211349,0.1658654063940048,-0.2408184111118317,-0.0684115812182426,-0.1875344216823577,0.3801226615905761,-0.4253139495849609,0.7247181534767152,-0.8103836774826051,0.6982090473175049,-0.6115003824234009,0.6836633682250977,-0.6598800420761108,0.6678075790405273,-0.6412182450294496,0.6768677234649657,-0.6013601422309875,0.1971771717071533,-0.1971435099840164,0.3520943820476532,-0.1447649002075195,0.5603161454200745,0.0679605230689048,0.565298318862915,0.0754386335611343,0.3168668150901794,-0.2887732088565826,0,1
0.4831338524818421,0.477979987859726,0.4807456135749817,0.437064915895462,0.4525888562202453,0.3914265930652618,0.4855016469955444,0.3755094408988952,0.4673486948013305,0.4450950622558594,0.3841017484664917,0.5365036725997925,0.3729760944843292,0.5281205177307129,0.304617702960968,0.0640626475214958,0.0425565652549266,0.0421563312411308,0.0416889935731887,0.041516862809658,0.0406065359711647,0.0389073006808757,0.0456817671656608,0.0406065359711647,0.081385001540184,0.0811868906021118,0.155939519405365,0.1378336399793625,0.022497883066535,-0.0024422877468168,-0.1276593655347824,-0.1760689318180084,-0.1630648970603943,-0.2119640111923217,-0.1662477105855941,-0.2348119914531708,-0.1529413014650344,-0.20247483253479,0.4773028492927551,0.4814603924751282,0.7221324443817138,0.7452754378318786,0.913480758666992,0.9591228365898132,0.9463531374931335,-0.0890834406018257,-0.1740368157625198,-0.2265300601720809,-0.1737349331378936,0.1758032590150833,-0.2265300601720809,-0.0327092744410038,-0.149690568447113,0.3361831903457641,-0.3838836252689361,0.5064651370048523,-0.6934912204742432,0.2141395807266235,-0.514940619468689,0.1299129128456115,-0.5605151057243347,0.1634089946746826,-0.5496643781661987,0.2001184821128845,-0.5064260959625244,0.2015695720911026,-0.2016947269439696,0.3466913104057312,-0.1546570211648941,0.5196660161018372,0.0492873303592205,0.5237693786621094,0.0551195032894611,0.3063448667526244,-0.2891909778118133,0,1
0.4930145144462585,0.484149307012558,0.4860723614692688,0.4445726275444031,0.4538381397724152,0.3988948464393616,0.485079288482666,0.3760755658149719,0.4649413228034972,0.4434106647968292,0.3738535642623901,0.5352568030357361,0.3746908009052276,0.5276704430580139,0.3043526709079742,0.0635319724678993,0.042199470102787,0.0418387725949287,0.0414067953824996,0.0411353781819343,0.0404255837202072,0.038621462881565,0.0455574393272399,0.0404255837202072,0.0809585005044937,0.0807157754898071,0.1563428938388824,0.1362359672784805,0.0267867352813482,-0.0039946013130247,-0.1023003309965133,-0.1806541085243224,-0.135025605559349,-0.2134917974472045,-0.1386866867542266,-0.2162851095199584,-0.126050978899002,-0.2007770091295242,0.4830576777458191,0.4882274270057678,0.7220398187637329,0.7453665137290953,0.9147827029228208,0.9615416526794432,0.9490176439285278,-0.0754408910870552,-0.1648920327425003,-0.2347989231348037,-0.1645628362894058,0.1835455000400543,-0.2347989231348037,-0.0174752194434404,-0.1414151787757873,0.3339085578918457,-0.3842965960502625,0.5126035213470458,-0.7222545146942138,0.229031354188919,-0.5323772430419922,0.1697231084108352,-0.5642278194427489,0.241572692990303,-0.5534169673919678,0.2436100393533706,-0.5213013291358948,0.2033763080835342,-0.2035143673419952,0.3550061285495758,-0.1506180167198181,0.5399449467658997,0.0551487803459167,0.5450836420059204,0.0603857152163982,0.3342514336109161,-0.2796709835529327,0,1
0.4950655996799469,0.4845622479915618,0.486243575811386,0.4441930949687958,0.4536786377429961,0.3981369137763977,0.4884352087974548,0.3501932621002196,0.4728940725326537,0.4494806826114655,0.3492770791053772,0.5351445078849792,0.3765985667705536,0.5273311734199524,0.3038827180862427,0.0632966086268425,0.0420720241963863,0.0416807271540164,0.0412362515926361,0.0409574881196022,0.0408349484205246,0.0383593998849391,0.0458986796438694,0.0408349484205246,0.0806791931390762,0.0804490968585014,0.1552077829837799,0.1364990174770355,0.015312448143959,-0.0121788680553436,-0.1402167975902557,-0.181572824716568,-0.176266610622406,-0.2213837206363677,-0.1799432933330536,-0.2286614179611206,-0.166743978857994,-0.2103889286518097,0.4829833507537842,0.4882515370845794,0.7211254835128784,0.7452679872512817,0.9156380891799928,0.9625107049942015,0.9496983289718628,-0.0668997317552566,-0.1497833877801895,-0.1910914480686188,-0.1494834125041961,0.205304890871048,-0.1910914480686188,-0.0116729820147156,-0.1263913512229919,0.3283383548259735,-0.3337216973304748,0.3912948966026305,-0.6398857235908508,0.0789407715201377,-0.4392895698547363,-0.0147818317636847,-0.4790137708187103,-0.0041503421962261,-0.4607684612274169,0.0572655089199542,-0.4296428263187408,0.202374204993248,-0.2024974822998047,0.3321443200111388,-0.1657913029193878,0.5022485256195068,0.026393074542284,0.5068625807762146,0.028741642832756,0.2869489192962646,-0.3328302204608916,0,1
0.4975947439670562,0.4856844246387481,0.4871933460235596,0.4445244371891022,0.4534964263439177,0.3981750905513763,0.4944108724594116,0.3439791798591614,0.4788401424884796,0.4556905925273895,0.3395973443984985,0.535152792930603,0.3780887126922608,0.5268566608428955,0.3036273419857024,0.0621484741568565,0.0415642186999321,0.0412718392908573,0.0409087650477886,0.0406472906470298,0.0410677269101142,0.03821961581707,0.0459391474723815,0.0410677269101142,0.0802295878529548,0.0801115483045577,0.1552915424108505,0.1366869509220123,0.0129154725000262,-0.0136123420670628,-0.1447647511959076,-0.1885665506124496,-0.1796933263540268,-0.2328969687223434,-0.1842535883188248,-0.2424893677234649,-0.1716535091400146,-0.2213606536388396,0.4885951578617096,0.4951182305812836,0.7211332321166992,0.7456766366958617,0.9156529307365416,0.963528037071228,0.9496477842330932,-0.1038626655936241,-0.1846799701452255,-0.2088006138801574,-0.1844188123941421,0.1710199117660522,-0.2088006138801574,-0.0488290265202522,-0.1600519865751266,0.3144594728946686,-0.353308618068695,0.3714698255062103,-0.69439297914505,0.1068411692976951,-0.5457263588905334,0.0176819954067468,-0.6009673476219177,0.013559840619564,-0.5798383355140686,0.0794446244835853,-0.5382874608039856,0.2016532123088836,-0.2017743289470673,0.3324516117572784,-0.1627535670995712,0.5298658609390259,0.0503713563084602,0.5372788310050964,0.055046796798706,0.3173307776451111,-0.3041596114635467,0,1
0.4995048940181732,0.4868235588073729,0.4881428480148315,0.4446536600589752,0.4534364938735961,0.39792662858963,0.5052292943000793,0.3309332430362701,0.4919587075710296,0.4675253033638,0.3314307034015655,0.5353143215179443,0.3806406259536743,0.5271911025047302,0.3048810660839081,0.0619121864438056,0.0414331145584583,0.0411247871816158,0.0407524183392524,0.040430262684822,0.0419816300272941,0.0380868054926395,0.0466600097715854,0.0419816300272941,0.0801232755184173,0.0799031108617782,0.1556262075901031,0.1367745548486709,0.0177197214215993,-0.0053060492500662,-0.1371186822652816,-0.1779148429632187,-0.1736110150814056,-0.2289947569370269,-0.1774090230464935,-0.236087292432785,-0.1641533970832824,-0.2091774940490722,0.4889765679836272,0.4953923225402832,0.7183170318603516,0.7449053525924682,0.91473388671875,0.9633724093437194,0.9495855569839476,-0.1085539907217025,-0.1892889887094497,-0.2122139632701873,-0.1890197694301604,0.169854074716568,-0.2122139632701873,-0.054063681513071,-0.165483072400093,0.3085845410823822,-0.3558977246284485,0.3846149742603302,-0.7010001540184021,0.1451589912176132,-0.5530382990837097,0.0637981817126274,-0.5988924503326416,0.0577882938086986,-0.5803025364875793,0.1181801185011863,-0.5456551313400269,0.2009811848402023,-0.2010918110609054,0.3156848549842834,-0.177805483341217,0.4789032936096192,0.0014156675897538,0.4818111062049866,0.0026867580600082,0.2669021785259247,-0.357015997171402,0,1
0.5015417933464049,0.487972468137741,0.4891309142112732,0.4451235830783844,0.4532874524593352,0.3981719613075256,0.514102578163147,0.3249629735946655,0.5022264122962952,0.4788869619369506,0.3295910060405731,0.5362656712532043,0.3817288279533385,0.5273522138595581,0.3057954609394073,0.0616833977401256,0.0412371158599853,0.0409618057310581,0.0406350567936897,0.0402549654245376,0.0432517081499099,0.0381481796503067,0.0477107539772987,0.0432517081499099,0.0802514106035232,0.0799068510532379,0.1560396403074264,0.137187510728836,0.0178131274878978,-0.0037825212348252,-0.0948701351881027,-0.1767830550670623,-0.1244289278984069,-0.2312657088041305,-0.1293821632862091,-0.2233955413103104,-0.1186920776963234,-0.2066470384597778,0.4890752732753753,0.4955357015132904,0.7171440720558168,0.7446153163909912,0.9141576886177064,0.9625649452209472,0.949542224407196,-0.111196294426918,-0.193469300866127,-0.2129193693399429,-0.1932142525911331,0.1770646721124649,-0.2129193693399429,-0.0561122894287109,-0.1694207042455673,0.3283050656318664,-0.362606018781662,0.4841812551021576,-0.710538923740387,0.3158357739448547,-0.5829406976699829,0.2577215731143951,-0.6341318488121033,0.2581309378147124,-0.6158958077430725,0.2923830151557922,-0.576444685459137,0.2006767690181732,-0.2007559239864349,0.3100516498088836,-0.1901891231536864,0.4802062213420868,-0.0068040620535612,0.4830012023448944,-0.0047481749206781,0.2606462240219116,-0.3721323609352112,0,1
0.5041157007217407,0.4899012744426727,0.4907967746257781,0.4471416175365448,0.4531988799571991,0.3997597992420196,0.5070397853851318,0.3251232504844665,0.4935712218284607,0.469510018825531,0.3258050382137298,0.5364531874656677,0.3827778697013855,0.5273886919021606,0.3067235052585602,0.0621154122054576,0.0415919348597526,0.0414076596498489,0.0411895886063575,0.040694884955883,0.0448227748274803,0.0389292202889919,0.0491627007722854,0.0448227748274803,0.0809589475393295,0.0804490521550178,0.1563631743192672,0.1375126540660858,0.0203430317342281,-0.0032787956297397,-0.1322536766529083,-0.1787962168455124,-0.1691107600927353,-0.2187026739120483,-0.1730549186468124,-0.2181999683380126,-0.1596413403749466,-0.204099029302597,0.4904509484767914,0.4972126483917236,0.7172081470489502,0.7446403503417968,0.914148449897766,0.9625629186630248,0.949674606323242,-0.0893593654036521,-0.1739508062601089,-0.2139093875885009,-0.1736656129360198,0.1841463148593902,-0.2139093875885009,-0.0356562919914722,-0.1525229811668396,0.32135671377182,-0.3597545921802521,0.424955666065216,-0.7043550610542296,0.1638102531433105,-0.5565013289451599,0.0803308859467506,-0.598634660243988,0.0825435370206833,-0.5802121758461,0.1376753151416778,-0.5483769178390503,0.2003585845232009,-0.2004267573356628,0.3092257976531982,-0.1871445327997208,0.4800681173801422,0.0023135682567954,0.4830316901206969,0.0051011769101023,0.2653420865535736,-0.355084478855133,0,1
0.5038840174674988,0.4898226857185364,0.4907513558864593,0.4469058215618133,0.453144758939743,0.3996708691120148,0.5016369819641113,0.3229947090148926,0.4862665832042694,0.4635641872882843,0.3239428997039795,0.5366713404655457,0.3832215964794159,0.5274261236190796,0.3072323799133301,0.0622009150683879,0.0417411066591739,0.0415944457054138,0.0414239428937435,0.0409374311566352,0.0460479222238063,0.0393845476210117,0.0500709824264049,0.0460479222238063,0.0811623111367225,0.0806534513831138,0.1566001325845718,0.1381036043167114,0.0165716279298067,-0.0019614691846072,-0.1400923579931259,-0.1760656088590622,-0.1772508025169372,-0.2211856096982956,-0.1818784773349761,-0.2175294905900955,-0.1686235964298248,-0.2041089236736297,0.4920449256896972,0.498676598072052,0.717241644859314,0.7446702718734741,0.9143473505973818,0.962648034095764,0.9499143362045288,-0.0945389121770858,-0.1775783151388168,-0.2161320745944976,-0.1773120015859604,0.1767470985651016,-0.2161320745944976,-0.0413961261510848,-0.1560985743999481,0.3166635036468506,-0.3610485792160033,0.3941440880298615,-0.7045407891273499,0.1362011134624481,-0.5658369660377502,0.0499461479485034,-0.6149512529373169,0.0421009846031665,-0.5927079916000366,0.1063429415225982,-0.5580041408538817,0.1995377391576766,-0.1995844691991806,0.3051005601882934,-0.1825526505708694,0.4852773845195769,0.0164470411837101,0.489694207906723,0.020582677796483,0.2705739438533783,-0.3396327793598175,0,1
0.5037778615951538,0.4897114932537079,0.4906641244888305,0.4467040598392487,0.4528369903564452,0.399526983499527,0.500997006893158,0.3252202868461609,0.485785722732544,0.4631391167640686,0.324930876493454,0.5374031066894531,0.3837129771709441,0.5276322960853577,0.3077872693538666,0.0621820092201232,0.0417295433580875,0.0416067317128181,0.0414651334285736,0.0409683734178543,0.0465695634484291,0.0395324937999248,0.0504332669079303,0.0465695634484291,0.0812090933322906,0.0806886404752731,0.156780332326889,0.1384162008762359,0.0153900338336825,-0.00195850036107,-0.1388782858848571,-0.1806454360485077,-0.1756709069013595,-0.2194554507732391,-0.1798589676618576,-0.2192273139953612,-0.1666226387023925,-0.2060186117887496,0.4921226501464844,0.4987131655216217,0.717273473739624,0.7447393536567688,0.9144131541252136,0.9628249406814576,0.949909210205078,-0.091732382774353,-0.1750298887491226,-0.2148704379796981,-0.1747642457485198,0.179822564125061,-0.2148704379796981,-0.0388728305697441,-0.1538770943880081,0.3135576844215393,-0.357257217168808,0.3972091376781464,-0.7004611492156982,0.1534204632043838,-0.5500704050064087,0.0706065893173217,-0.5972175598144531,0.0619281716644764,-0.5715938806533812,0.1240654662251472,-0.5411128997802734,0.1973852515220642,-0.1973985284566879,0.303348958492279,-0.1800788640975952,0.4870823323726654,0.0238379668444395,0.4918659627437592,0.0284698214381933,0.2726511359214782,-0.3315536379814148,0,1
0.5034494400024414,0.4896342754364013,0.4906231462955474,0.446564108133316,0.4525301158428192,0.3994815051555633,0.5005047917366028,0.3253754079341888,0.4845792055130005,0.462251752614975,0.3276114463806152,0.5384171009063721,0.3844487965106964,0.5279399156570435,0.3084976971149444,0.0621459856629371,0.0417028181254863,0.0415879301726818,0.04144873842597,0.0409185923635959,0.0465547852218151,0.0394880101084709,0.0503864474594593,0.0465547852218151,0.0811884850263595,0.0806545466184616,0.1565638929605484,0.1386882662773132,0.0122964195907115,-0.0030273483134806,-0.1491753756999969,-0.1866045594215392,-0.1860898733139038,-0.2325705289840698,-0.1906030029058456,-0.240038126707077,-0.1774164289236068,-0.2169029265642166,0.4923005998134613,0.498828262090683,0.7172898650169373,0.7447603940963745,0.9145224690437316,0.962903380393982,0.9499173164367676,-0.1003193408250808,-0.1824500262737274,-0.2193853855133057,-0.1821837276220321,0.1780627965927124,-0.2193853855133057,-0.0459168329834938,-0.1590994447469711,0.2998570501804352,-0.3617359101772308,0.3777650594711304,-0.7030421495437622,0.1241262778639793,-0.5621764063835144,0.0363548062741756,-0.6185159087181091,0.0264841485768556,-0.581169068813324,0.093117244541645,-0.5529561042785645,0.197005033493042,-0.1970060765743256,0.3038733303546905,-0.1783233880996704,0.4950153231620788,0.0255028866231441,0.5006247758865356,0.0305391885340213,0.2797034978866576,-0.3274021744728088,0,1
0.5032097101211548,0.4895296692848205,0.4905454814434052,0.4463337063789368,0.452453076839447,0.399284690618515,0.5000799894332886,0.3222866952419281,0.4842702746391296,0.4621942341327667,0.3284116983413696,0.5395603775978088,0.3851816952228545,0.5294853448867798,0.3094257414340973,0.0620571263134479,0.04154534637928,0.0414072014391422,0.0412496551871299,0.0408317930996418,0.0465004183351993,0.0394332930445671,0.0502628870308399,0.0465004183351993,0.0810236409306526,0.0805489718914032,0.1554866135120391,0.1387745440006256,0.0105861965566873,-0.0047209784388542,-0.1504712998867035,-0.1890331208705902,-0.1870045512914657,-0.2342782020568848,-0.1917825490236282,-0.2464616745710373,-0.178854838013649,-0.222374677658081,0.4922299385070801,0.4987191259860992,0.7171885967254639,0.7447946071624755,0.914523720741272,0.962904930114746,0.9499050974845886,-0.1046420484781265,-0.1879561990499496,-0.2282450199127196,-0.1877241134643554,0.169769749045372,-0.2282450199127196,-0.0524049811065197,-0.1668845564126968,0.2867867648601532,-0.3686387240886688,0.3715104758739472,-0.7130905389785768,0.1253337264060974,-0.5908969640731812,0.0379565730690956,-0.6537173986434937,0.0255324132740497,-0.6163372993469238,0.0934369713068008,-0.5829620957374573,0.1969063580036163,-0.1968990266323089,0.3042204082012176,-0.1767589747905731,0.499787300825119,0.0291865076869726,0.505925714969635,0.0343909487128257,0.2839980125427246,-0.3248091340065002,0,1
0.503790557384491,0.4903857409954071,0.4915773570537567,0.4463405907154083,0.4537621736526488,0.3992839455604552,0.4914959669113159,0.321289986371994,0.4749983549118041,0.4525710940361023,0.329520970582962,0.5408443212509155,0.3860889077186584,0.5311865210533142,0.3116334676742553,0.062015525996685,0.0413908474147319,0.0412027090787887,0.0409916117787361,0.0407375022768974,0.0462201610207557,0.0393438935279846,0.0496688932180404,0.0462201610207557,0.0809762924909591,0.0805143862962722,0.1532034873962402,0.1385438144207,0.0088115949183702,-0.0055324984714388,-0.1508914530277252,-0.1898371279239654,-0.1877001076936721,-0.2346304655075072,-0.1914696395397186,-0.241363376379013,-0.1784969568252563,-0.2240140885114669,0.492158979177475,0.4986777901649475,0.7169060707092285,0.7445812225341795,0.9145233035087584,0.9628458023071288,0.9499353170394896,-0.1122541725635528,-0.1971716731786728,-0.2417156994342804,-0.1969582438468932,0.159603402018547,-0.2417156994342804,-0.0595339015126228,-0.1760156005620956,0.2778445184230804,-0.3770098090171813,0.3724746406078338,-0.7157143354415894,0.1215634420514106,-0.6051915884017944,0.0313069634139537,-0.6683684587478638,0.0198987741023302,-0.6409199833869934,0.0897909402847289,-0.5994427800178528,0.1969142258167266,-0.1968995481729507,0.3044223487377167,-0.1769612580537796,0.5020120143890381,0.0290300026535987,0.5078833103179932,0.034089121967554,0.2847428917884826,-0.3269974291324615,0,1
0.5043762922286987,0.4911913275718689,0.4923542141914368,0.4467692077159881,0.4542352557182312,0.3997805416584015,0.4888535737991333,0.3223218321800232,0.4722538888454436,0.4490054547786712,0.3359200358390808,0.5434210896492004,0.3867296874523162,0.5333397388458252,0.3132763504981994,0.0619588419795036,0.0412728711962699,0.0410396419465541,0.040780521929264,0.040627148002386,0.0458849184215068,0.0391967855393886,0.0490234568715095,0.0458849184215068,0.080927275121212,0.0804708376526832,0.1503793746232986,0.1381995677947998,0.0047788638621568,-0.0057971249334514,-0.1615523993968963,-0.189249962568283,-0.200381800532341,-0.23268723487854,-0.2032442986965179,-0.237826868891716,-0.1893833577632904,-0.2225512713193893,0.4922412931919097,0.4987755715847015,0.7167226076126099,0.7446883916854857,0.9142737388610842,0.9643418192863464,0.9497534036636353,-0.1107857152819633,-0.1949813365936279,-0.2433193773031234,-0.1947483718395233,0.1590564101934432,-0.2433193773031234,-0.0574636608362197,-0.1733847558498382,0.2623195946216583,-0.3763254880905151,0.3287264108657837,-0.6990839838981628,0.0379108525812625,-0.5747458338737488,-0.0636777430772781,-0.6315127611160278,-0.0702337920665741,-0.6160245537757874,0.007652856875211,-0.5707059502601624,0.1940613687038421,-0.1940913051366806,0.3044146001338959,-0.1638981848955154,0.5039507746696472,0.0523131489753723,0.5100685358047485,0.058150764554739,0.2861907184123993,-0.2958260774612427,0,1
0.5047050714492798,0.4919561147689819,0.493116557598114,0.447374016046524,0.4553653001785278,0.4007056653499603,0.4882815182209015,0.3309980332851409,0.4716976284980773,0.4479570090770721,0.34832563996315,0.5451869964599608,0.3873810768127441,0.5348048210144042,0.3137866258621216,0.0619637966156005,0.0412177667021751,0.0409920588135719,0.0407421067357063,0.0405813455581665,0.0454997383058071,0.0391600355505943,0.0487008355557918,0.0454997383058071,0.0808893963694572,0.0804391428828239,0.1493915021419525,0.1376518756151199,0.0030516998376697,-0.0069083618000149,-0.1627083122730255,-0.1904950141906738,-0.2022844105958938,-0.2318330258131027,-0.2043822556734084,-0.2539504766464233,-0.1899548768997192,-0.2221246510744094,0.493689239025116,0.5006331205368042,0.7163149118423462,0.7453632354736328,0.913817763328552,0.9651756286621092,0.9496840238571168,-0.0928225293755531,-0.1777316927909851,-0.2403371036052704,-0.1774704158306121,0.1650965958833694,-0.2403371036052704,-0.0384845770895481,-0.1558760702610016,0.2641394436359405,-0.3712094128131865,0.3225544095039368,-0.6771632432937622,0.0071869199164211,-0.5245434045791626,-0.0962444320321083,-0.5710845589637756,-0.0967336893081664,-0.5628525614738464,-0.0204829294234514,-0.5194566249847412,0.1937053054571152,-0.1937641799449921,0.3084267377853393,-0.1525924503803253,0.5116445422172545,0.0780534297227859,0.5192546844482422,0.0855691656470298,0.3039019405841827,-0.264055997133255,0,1
0.5059295892715454,0.4947603940963744,0.4959178864955902,0.4501095116138457,0.4570259153842926,0.4029399454593657,0.4901777505874634,0.3688730895519256,0.4745859801769256,0.4506758451461792,0.3672976493835448,0.5470110177993774,0.388330578804016,0.5354095697402954,0.316415011882782,0.062342531979084,0.0411813333630561,0.0409525595605373,0.0407077223062515,0.0405430383980274,0.0435883626341819,0.0390101820230484,0.0473368279635906,0.0435883626341819,0.0810214132070541,0.0805476978421211,0.1492322534322738,0.1376751661300659,0.0089101176708936,-0.0054343873634934,-0.1459059566259384,-0.1881458461284637,-0.18148472905159,-0.2286013811826705,-0.1843362152576446,-0.2383356839418411,-0.1716150939464569,-0.2193793952465057,0.4944948554039001,0.5024207830429077,0.7163048386573792,0.745751142501831,0.9135547876358032,0.9661914110183716,0.9496768116950988,-0.0950134694576263,-0.1811278611421584,-0.2633666396141052,-0.1808581054210662,0.163885697722435,-0.2633666396141052,-0.0381735898554325,-0.158545583486557,0.2645660638809204,-0.3881641030311584,0.359907865524292,-0.6828457117080688,0.0963360220193862,-0.5153944492340088,0.0166153702884912,-0.5380728244781494,0.0414646454155445,-0.5384215712547302,0.0838602632284164,-0.5076265335083008,0.1943099796772003,-0.1944098323583603,0.3243122100830078,-0.1454885303974151,0.5104939341545105,0.0755987614393234,0.5162549614906311,0.0829519778490066,0.3047521710395813,-0.2626364529132843,0,1
0.5056095719337463,0.4951497316360473,0.496496707201004,0.4511278867721557,0.4597904980182648,0.4046030640602112,0.5035309195518494,0.3915415108203888,0.4907504618167876,0.465573251247406,0.4031631052494049,0.5537548661231995,0.389194905757904,0.5362953543663025,0.318111777305603,0.0645658522844314,0.0427246317267417,0.0425021722912788,0.042259432375431,0.0415976159274578,0.0436680763959884,0.0396426245570182,0.0478362962603568,0.0436680763959884,0.0824913904070854,0.0816618576645851,0.1512328088283538,0.1377578377723693,0.0115964189171791,-0.0049277865327894,-0.0354134514927864,-0.18873231112957,-0.055252868682146,-0.2340352088212967,-0.0629252642393112,-0.2544262707233429,-0.0553416833281516,-0.2218215018510818,0.494560956954956,0.5024399161338806,0.7162116169929504,0.7459079027175902,0.9135077595710752,0.9666262865066528,0.949642479419708,-0.0790808200836181,-0.1707003563642501,-0.2614976167678833,-0.1704477071762084,0.1798984557390213,-0.2614976167678833,-0.0198010429739952,-0.1465979367494583,0.3436388373374939,-0.4002487063407897,0.6275507807731628,-0.7541066408157348,0.4825912117958069,-0.5488628149032593,0.4426973164081573,-0.5476736426353456,0.4367592632770538,-0.5601509809494019,0.461711049079895,-0.5348730087280273,0.1955429464578628,-0.1956350952386856,0.3282557427883148,-0.1680566519498825,0.5184580087661743,0.0603089667856693,0.5233152508735657,0.0676128566265106,0.3063492178916931,-0.2904254198074341,0,1
0.50535649061203,0.4952079057693481,0.4965929687023162,0.4522638916969299,0.4608291685581207,0.406830370426178,0.5210985541343689,0.4104083478450775,0.5180794596672058,0.491045206785202,0.4195965528488159,0.5563520789146423,0.3894316852092743,0.5372273921966553,0.3229158818721771,0.0688482969999313,0.0464687645435333,0.0461999475955963,0.045957401394844,0.0451259762048721,0.0470088459551334,0.0428606793284416,0.051101453602314,0.0470088459551334,0.0860528200864791,0.0853255689144134,0.1558237075805664,0.1380435526371002,0.1596474051475525,-0.0062817269936203,0.1573975980281829,-0.1889244616031646,0.1612401604652404,-0.2366267889738083,0.1528024971485138,-0.2493153512477874,0.1513727009296417,-0.223418116569519,0.4945273399353027,0.502378523349762,0.7162141799926758,0.7459319829940797,0.9135180711746218,0.9682912826538084,0.9495689272880552,-0.0705493316054344,-0.1622843891382217,-0.2480740398168564,-0.1620803475379943,0.189768835902214,-0.2480740398168564,-0.0101752774789929,-0.13546122610569,0.3898454308509826,-0.4116728007793426,0.7383097410202025,-0.8218670487403869,0.5985149145126343,-0.6385933756828308,0.5757573246955872,-0.6728388667106628,0.5264208912849425,-0.6560031771659851,0.5630186796188353,-0.621972918510437,0.1955996602773666,-0.195668414235115,0.3272774517536163,-0.2111967951059341,0.533936619758606,0.0220375396311283,0.540352463722229,0.0289230085909366,0.3082006573677063,-0.3534473776817322,0,1
0.5030096173286438,0.4951596260070801,0.4966556131839752,0.4516487419605255,0.4654577076435088,0.4064178764820098,0.6060420274734497,0.420248419046402,0.6211013793945312,0.6058995127677916,0.4326978921890258,0.5572353601455688,0.3893759548664093,0.5373762845993042,0.3256182670593261,0.0719922557473182,0.0493138097226619,0.0491682961583137,0.0491299033164978,0.0476786717772483,0.0490275509655475,0.0451885238289833,0.0542609207332134,0.0490275509655475,0.0887493938207626,0.0884348526597023,0.1653062850236892,0.138467401266098,0.3208787739276885,-0.0057716201990842,0.4524036943912505,-0.1916542947292328,0.4873116612434387,-0.2382933795452117,0.4901087880134583,-0.2668974995613098,0.4746364653110504,-0.2247209995985031,0.4985750615596771,0.5044238567352295,0.7183172106742859,0.7465819120407104,0.9134283065795896,0.9696580171585084,0.9493776559829714,-0.1939476877450942,-0.2731886208057403,-0.2991556525230408,-0.2728551030158996,0.0759021192789077,-0.2991556525230408,-0.131138190627098,-0.2380673587322235,0.2953670620918273,-0.4550885856151581,0.6600579023361206,-0.8674280047416686,0.5086590051651001,-0.6645958423614502,0.3891995251178741,-0.7346014380455017,0.2723439335823059,-0.6960933804512024,0.4276396036148071,-0.6526798605918884,0.1797666996717453,-0.1795683801174163,0.3267371356487274,-0.1728003323078155,0.6096319556236267,0.0957125574350356,0.6287230849266052,0.1089973002672195,0.3878586292266845,-0.2598327100276947,0,1
0.4981267750263214,0.4936397671699524,0.4959089159965515,0.4481630027294159,0.4654765129089355,0.4041859805583954,0.6471908092498779,0.448502779006958,0.6727896928787231,0.6584368944168091,0.4640505909919738,0.5571723580360413,0.388855367898941,0.5372499823570251,0.3265785574913025,0.0718238726258277,0.0490604974329471,0.0488903596997261,0.0488313399255275,0.0475057698786258,0.0489518418908119,0.0450148545205593,0.0540866926312446,0.0489518418908119,0.0885186493396759,0.0882676094770431,0.1690134555101394,0.1384221017360687,0.3311545252799988,-0.0037843019235879,0.460214763879776,-0.1924194246530532,0.499017059803009,-0.2381074130535125,0.4993376731872559,-0.2717668712139129,0.4857772886753081,-0.2241503894329071,0.5031951665878296,0.5075173974037169,0.7201797366142273,0.7476034164428712,0.9134485125541688,0.970258831977844,0.9493697881698608,-0.2278771102428436,-0.3097540438175201,-0.3365667462348937,-0.30939781665802,0.0439644567668438,-0.3365667462348937,-0.1674882471561432,-0.2768848538398742,0.2482387125492096,-0.5146132707595825,0.6298086643218994,-0.9454123377799988,0.3943258821964264,-0.725411057472229,0.3091906905174255,-0.8037038445472717,0.2526218295097351,-0.775040030479431,0.3586960136890411,-0.7191110253334044,0.172745943069458,-0.1724619716405868,0.3326936364173888,-0.1287388205528259,0.6723331212997437,0.1828648000955581,0.6963489651679993,0.20112244784832,0.4631560742855072,-0.1529782116413116,0,1
0.4818129241466521,0.4787490367889404,0.4831959307193756,0.4339744448661804,0.4607752859592438,0.3968763053417206,0.6602309942245483,0.4928961992263793,0.684162974357605,0.6740152835845947,0.4907325208187103,0.5570570826530457,0.3875689208507538,0.5375179648399353,0.3287433683872223,0.0657495781779289,0.0446218624711036,0.0447041280567646,0.0448316037654876,0.0434042438864708,0.0478542037308216,0.0417982041835784,0.052325926721096,0.0478542037308216,0.0813922733068466,0.0808308273553848,0.1720695495605468,0.1383054554462433,0.3395114541053772,0.0107695963233709,0.4538770318031311,-0.181335911154747,0.4931105077266692,-0.2302974462509155,0.4937990605831145,-0.2410918176174164,0.4797643125057221,-0.2137066423892974,0.5027472972869873,0.5072265863418579,0.72028911113739,0.7490159273147582,0.9134480357170106,0.9718658328056335,0.9493027925491332,-0.212050050497055,-0.288392424583435,-0.3351441919803619,-0.2880694568157196,0.0543992891907692,-0.3351441919803619,-0.1553311347961425,-0.2573089897632599,0.2455521523952484,-0.490923523902893,0.5952129364013672,-0.90571391582489,0.3620206117630005,-0.6941443085670471,0.3087705373764038,-0.7675205469131469,0.2295715510845184,-0.7453309893608093,0.3179121613502502,-0.6889996528625488,0.169461190700531,-0.1691860258579254,0.3320139646530151,-0.1214788407087326,0.6620920300483704,0.1706050187349319,0.6838845610618591,0.1858981251716613,0.4493584930896759,-0.1743025332689285,0,1
0.4841779172420501,0.486816793680191,0.4925800263881683,0.4366362988948822,0.4694803357124328,0.3975572884082793,0.6971076726913452,0.5467843413352966,0.7232507467269897,0.7156785726547241,0.5552499294281006,0.556954562664032,0.3859573900699616,0.5374677777290344,0.3306674361228943,0.0621154010295867,0.041621807962656,0.04173444211483,0.041967112571001,0.0405669510364532,0.0453811399638652,0.0388210043311119,0.0502301082015037,0.0453811399638652,0.079351782798767,0.0788169801235198,0.1753381192684173,0.1408206820487976,0.3528149724006653,0.117900475859642,0.4674173891544342,-0.0058405068702995,0.5136186480522156,-0.0590424723923206,0.5142244696617126,-0.0410376563668251,0.4979628026485443,-0.0528354234993457,0.5033451318740845,0.5082095861434937,0.7216166257858275,0.7516087293624878,0.9132792353630066,0.9719865918159484,0.9490946531295776,-0.3319124579429626,-0.4031669497489928,-0.3543919324874877,-0.4029485881328583,-0.0086512742564082,-0.3543919324874877,-0.256878912448883,-0.3530487716197967,0.1772666126489639,-0.5012438297271729,0.4095637798309326,-0.9772141575813292,0.3455179929733276,-1.0672518014907837,0.2880785465240478,-1.1657323837280271,0.2025508433580398,-1.1555933952331543,0.3058073818683624,-1.071576714515686,0.1703965663909912,-0.1701537072658538,0.3713931739330292,-0.062512882053852,0.7404927015304564,0.2292921096086502,0.7654168009757996,0.2459429204463958,0.5490630269050598,-0.1009312644600868,0,1
0.4845604896545409,0.485757440328598,0.4917328655719756,0.4345865845680237,0.4694322049617767,0.3925503492355346,0.7184558510780334,0.5902663469314575,0.7479181885719299,0.736497163772583,0.614669680595398,0.5568877458572388,0.3859986066818237,0.5361388921737671,0.3343716859817505,0.0564997792243957,0.0369153618812561,0.0370530411601066,0.0372869037091732,0.0358792841434478,0.0427334457635879,0.0345044806599617,0.0462152734398841,0.0427334457635879,0.0757072418928146,0.0743857100605964,0.1756386458873748,0.1463579833507537,0.3400008976459503,0.144781082868576,0.4588235914707184,0.0596984326839447,0.5024604201316833,0.0407734960317611,0.5037272572517395,0.0436741411685943,0.4895614087581634,0.0510364584624767,0.5031070709228516,0.5086749792098999,0.724072515964508,0.7534491419792174,0.9134085774421692,0.9730342626571656,0.9490796327590942,-0.3655681908130646,-0.4289836883544922,-0.3397162556648254,-0.4286373555660248,-0.026720818132162,-0.3397162556648254,-0.2863129377365112,-0.3724088370800018,0.1803149282932281,-0.4955825507640839,0.39154252409935,-0.9511767029762268,0.3398750424385071,-1.0432158708572388,0.2875541150569916,-1.137920379638672,0.1614495664834976,-1.1321916580200195,0.3002544939517975,-1.0456651449203491,0.1707076132297516,-0.1704541593790054,0.364347755908966,-0.047971773892641,0.6937626004219055,0.1985996514558792,0.7130578756332396,0.2122976928949356,0.5005216598510742,-0.1133449748158454,0,1
0.4861093759536743,0.4857971668243408,0.4917213916778565,0.4348768889904022,0.4692145586013793,0.3927883207798004,0.7425838112831116,0.6207191944122313,0.7759809494018554,0.75734806060791,0.6498462557792664,0.5611931085586548,0.3861148357391357,0.5361335277557373,0.341747522354126,0.0482328161597251,0.0275684837251901,0.02729332447052,0.0269840061664581,0.0271961148828268,0.0342577323317527,0.0255518145859241,0.0352368205785751,0.0342577323317527,0.0679591745138168,0.0677713453769683,0.1754625290632248,0.1470751017332077,0.3246133327484131,0.1947178989648818,0.4569204747676849,0.123756468296051,0.5005010366439819,0.1099255084991455,0.5025991201400757,0.1038864850997924,0.4904309213161469,0.109534166753292,0.5002120733261108,0.5059590339660645,0.7256802916526793,0.7534303665161133,0.913396954536438,0.9725772738456726,0.9490069150924682,-0.3793258666992188,-0.4355588257312775,-0.3358775377273559,-0.4352487027645111,-0.0322961919009685,-0.3358775377273559,-0.3010607957839966,-0.3782998323440552,0.1728157103061676,-0.4636535644531249,0.333000898361206,-0.9271330237388612,0.2498829513788223,-1.107701301574707,0.194177359342575,-1.2099663019180296,0.0806572884321212,-1.1978906393051147,0.2097819596529006,-1.1072918176651,0.1710106283426284,-0.1708215028047561,0.3380084633827209,-0.0665529742836952,0.6883907914161682,0.1819401830434799,0.7104630470275879,0.1947659105062484,0.4904858767986297,-0.1411719024181366,0,1
0.4986098408699036,0.4987086951732635,0.5049371123313904,0.4420013725757599,0.4836688041687012,0.3992786407470703,0.7627719640731812,0.6378555893898009,0.7944233417510985,0.7750934362411499,0.6734920144081116,0.5696605443954468,0.3878352344036102,0.5368819236755371,0.3486779630184173,0.0463744066655635,0.026002924889326,0.0255507193505764,0.0250387750566005,0.0260836668312549,0.0333420112729072,0.024672370404005,0.0329270139336586,0.0333420112729072,0.0653593987226486,0.0669989213347435,0.1748432368040084,0.1489946246147155,0.3295539021492004,0.2241173982620239,0.4624454379081726,0.1753142327070236,0.5054015517234801,0.1689592152833938,0.5075095891952515,0.1604350358247756,0.496995210647583,0.1649510562419891,0.49803027510643,0.5036702156066896,0.7259004712104796,0.7524740695953369,0.9140505790710448,0.968910813331604,0.9491297602653505,-0.3925840556621552,-0.4459394812583923,-0.3207339644432068,-0.4457542896270752,-0.0330788567662239,-0.3207339644432068,-0.3109697699546813,-0.3838454782962799,0.1840742528438568,-0.4208352863788605,0.3051920235157013,-0.8337463140487671,0.1596350222826004,-1.014083981513977,0.1025571599602699,-1.1039873361587524,0.0079565271735191,-1.088914394378662,0.1233214363455772,-1.0093330144882202,0.1835844218730926,-0.1837842315435409,0.321215808391571,-0.0977507978677749,0.6812142133712769,0.1749536246061325,0.7023565769195557,0.1863352060317993,0.4522650837898254,-0.1517757326364517,0,1
0.5075358152389526,0.5063247084617615,0.511659562587738,0.4511429965496063,0.4879540205001831,0.4057914614677428,0.7835925817489624,0.6381136178970337,0.8102448582649232,0.7921968102455139,0.6674147844314575,0.5725501775741577,0.3884471952915192,0.536995530128479,0.3522466123104095,0.0446275733411312,0.0251507516950368,0.0249135233461856,0.024548327550292,0.0247463658452034,0.0324534177780151,0.0233858190476894,0.0323022007942199,0.0324534177780151,0.0636307150125503,0.0650589913129806,0.1745120137929916,0.1504980623722076,0.3189098238945007,0.2247609347105026,0.4569152295589447,0.2037811577320099,0.4999708235263824,0.2049396485090256,0.5028537511825562,0.1988880932331085,0.4928966164588928,0.1999068111181259,0.4948909282684326,0.5004730820655823,0.7271556258201598,0.752050280570984,0.9167242050170896,0.9658921360969543,0.9510225057601928,-0.3495020270347595,-0.4101978242397308,-0.2529303729534148,-0.409964382648468,-0.0305997468531131,-0.2529303729534148,-0.2744616270065308,-0.3577066659927368,0.1884179860353469,-0.3841337859630584,0.317342460155487,-0.7910724282264708,0.1878833919763564,-0.9804159998893736,0.1302328705787658,-1.0694906711578367,0.0439977794885635,-1.0621641874313354,0.1518263667821884,-0.9792779088020324,0.1847869604825973,-0.1850205808877944,0.2679103910923004,-0.115346074104309,0.5604734420776367,0.1518062353134155,0.5726568102836609,0.1641326546669006,0.3254075348377228,-0.174558475613594,0,1
0.5138264298439026,0.5113892555236816,0.5155261754989624,0.4617142677307129,0.4893383383750916,0.4149990975856781,0.7980607151985168,0.6059585213661194,0.8325464725494384,0.8057202100753784,0.6292055249214172,0.578328549861908,0.3892382681369781,0.5403559803962708,0.3551357686519623,0.0447891764342784,0.0257768388837575,0.0254426784813404,0.0248739141970872,0.02501967176795,0.0327224992215633,0.0237524304538965,0.0330452434718608,0.0327224992215633,0.0637641996145248,0.0653451830148696,0.1692786961793899,0.1512355506420135,0.3087441325187683,0.2512986063957214,0.4485589563846588,0.2437461167573928,0.4886612892150879,0.2473774701356888,0.4922486841678619,0.236841395497322,0.4816605448722839,0.235289841890335,0.4866329133510589,0.4932717680931091,0.7273989915847777,0.7505344748497009,0.9198001623153688,0.9627407789230346,0.9531181454658508,-0.2168681472539901,-0.2805199921131134,-0.1811212599277496,-0.280494213104248,0.107635922729969,-0.1811212599277496,-0.1434786170721054,-0.2296168655157088,0.2794656753540039,-0.3092897832393646,0.3390997648239136,-0.5637685656547545,0.1894663125276565,-0.6485398411750793,0.1219807714223861,-0.7171233296394348,0.0464823096990585,-0.7529026269912719,0.1556695103645324,-0.6605077385902405,0.1854556202888488,-0.1856823116540908,0.1908859610557556,-0.1994769424200057,0.4126943051815033,0.0428931415081024,0.416042298078537,0.0516020655632019,0.1500713378190994,-0.3069207966327667,0,1
0.513117253780365,0.5112223029136658,0.5156476497650145,0.4618684947490692,0.4939723610877991,0.4193721711635589,0.822291910648346,0.5916756987571716,0.8561513423919677,0.8354134559631348,0.6200401186943054,0.5815509557723999,0.390345811843872,0.5431421995162964,0.3573004305362701,0.0455638319253921,0.0259157177060842,0.0255476739257574,0.0250159837305545,0.0254602693021297,0.032667227089405,0.0242781452834606,0.0335681959986686,0.032667227089405,0.0641671866178512,0.0659332424402237,0.1684653609991073,0.1510470360517501,0.3103968203067779,0.2597689032554626,0.445971816778183,0.2921795547008514,0.4870043396949768,0.3215411901473999,0.4906007647514343,0.3125081658363342,0.4801273345947265,0.2976760268211365,0.4802488684654236,0.4874868392944336,0.7273356318473816,0.7498509883880614,0.9198300242424012,0.959600567817688,0.9531102180480956,-0.2181357890367508,-0.2959274351596832,-0.2054627984762192,-0.2957653403282165,0.072430171072483,-0.2054627984762192,-0.1452022343873977,-0.2474290281534194,0.2553701996803284,-0.3300312757492065,0.3437760770320892,-0.5259999632835388,0.1908799111843108,-0.6283288598060608,0.123584397137165,-0.702241063117981,0.0413428880274295,-0.7433252930641174,0.1534763127565384,-0.6420151591300964,0.1801449507474899,-0.1804098486900329,0.1922196298837661,-0.2036677449941635,0.3896274864673615,0.0065706856548786,0.3896726369857788,0.0108602726832032,0.1283232867717743,-0.3495106697082519,0,1
0.512052059173584,0.5104662775993347,0.5149860978126526,0.4611463248729706,0.4989201128482818,0.4217272400856017,0.8327575922012329,0.5910817384719849,0.869638204574585,0.8502455949783325,0.6197428703308105,0.585882306098938,0.3934068381786345,0.5445131063461304,0.3599335551261902,0.0456395149230956,0.0264800582081079,0.0261644013226032,0.025687102228403,0.0258902460336685,0.0324145779013633,0.0245508514344692,0.0336621142923831,0.0324145779013633,0.0640197545289993,0.0648920983076095,0.1684204936027526,0.1508693695068359,0.3063099682331084,0.2670716643333435,0.4321552217006683,0.3460714817047119,0.4737018644809722,0.3845422565937041,0.4778673052787781,0.3774082660675049,0.466461569070816,0.3667433261871337,0.4761670231819153,0.4834804534912109,0.7280529737472534,0.7495356798171997,0.920432448387146,0.9574341773986816,0.9532116055488584,-0.2220743000507354,-0.2768662571907043,-0.1461011916399002,-0.2768696844577789,0.0797289237380027,-0.1461011916399002,-0.1549544930458068,-0.2297802567481994,0.2821356952190399,-0.3038094043731689,0.3813215494155884,-0.5185699462890625,0.1994767934083938,-0.6402142643928528,0.1319311112165451,-0.7241569757461549,0.0429594479501247,-0.7592915892601013,0.161300390958786,-0.6502050161361694,0.181223765015602,-0.1814698278903961,0.2141273915767669,-0.1991643756628036,0.4062829315662384,-0.0054478500969707,0.4053249657154083,-0.0005407337448559,0.1515822261571884,-0.3508237302303314,0,1
0.51167893409729,0.5111376643180847,0.5161410570144653,0.4623088538646697,0.5036244988441467,0.4264660179615021,0.842205286026001,0.564102828502655,0.8814897537231445,0.8603039979934691,0.6136218309402466,0.5866127610206604,0.3973469734191895,0.5454672574996948,0.3630713522434234,0.0456212945282459,0.0268535055220127,0.0265798661857843,0.0261452086269855,0.0261464677751064,0.032170332968235,0.0246391370892524,0.0336947292089462,0.032170332968235,0.0638647377490997,0.0640095993876457,0.1665744036436081,0.1508661210536956,0.3055430054664612,0.2874486744403839,0.42206010222435,0.3771856427192688,0.4633444845676422,0.4159610271453857,0.4667242169380188,0.4036967754364013,0.4550520777702332,0.3958532214164733,0.4755241870880127,0.4823324084281921,0.728519082069397,0.7495329976081848,0.9210718870162964,0.9566611051559448,0.9530521631240844,-0.223142459988594,-0.2739804983139038,-0.1582640409469604,-0.2739741504192352,0.0755992829799652,-0.1582640409469604,-0.1593107879161834,-0.2287042438983916,0.2807196378707886,-0.3062987327575683,0.4037418067455292,-0.459484189748764,0.2024564743041992,-0.5240118503570557,0.1281948983669281,-0.6025636196136475,0.0345773957669734,-0.6512633562088013,0.1606866270303726,-0.5371198654174805,0.1828019618988036,-0.1830530166625976,0.2202188223600387,-0.188389390707016,0.4397040009498596,0.0145582957193255,0.440959334373474,0.0201491545885801,0.2018976360559463,-0.3228994905948639,0,1
0.5099261999130249,0.5112341642379761,0.516880214214325,0.4622451066970824,0.5096911787986755,0.4293306469917297,0.8578566908836365,0.5509230494499208,0.9046518802642822,0.8758645057678223,0.6097068190574646,0.5875204801559448,0.3996909260749817,0.5469679832458496,0.3655700385570526,0.0456517413258552,0.0271303411573171,0.0268840249627828,0.0264769829809665,0.0262728724628686,0.0310309678316116,0.0244693737477064,0.033507440239191,0.0310309678316116,0.0635822564363479,0.062968336045742,0.1625564992427826,0.1507760435342788,0.2997348308563232,0.3059577941894531,0.4208198487758637,0.4156195521354675,0.4593959748744964,0.4588513374328613,0.463080883026123,0.4480723440647124,0.4543440341949463,0.4370192587375641,0.4717973172664642,0.4770996570587158,0.728272557258606,0.7491970062255859,0.9210389852523804,0.95698082447052,0.9530129432678224,-0.257517397403717,-0.2983252108097076,-0.1747950911521911,-0.2984285652637481,0.0166851114481687,-0.1747950911521911,-0.1982390731573104,-0.2547686994075775,0.246720865368843,-0.3222341537475585,0.3812500536441802,-0.4676671326160431,0.1259608417749405,-0.5426724553108215,0.0349574498832225,-0.6322696805000305,-0.0707813501358032,-0.6856403946876526,0.0747302919626235,-0.559136688709259,0.1838403493165969,-0.1840715408325195,0.2301744222640991,-0.2040987610816955,0.4230957925319672,-0.0213802084326744,0.4204644560813904,-0.0207911990582942,0.1886929422616958,-0.3692432343959808,0,1
0.5096609592437744,0.512711226940155,0.5189841985702515,0.462384283542633,0.5143868923187256,0.4310121834278106,0.8635998964309692,0.5028845667839049,0.9158552289009094,0.8871123194694518,0.5635448098182678,0.5873640775680542,0.3995583355426788,0.5485344529151917,0.3721475899219513,0.0458765998482704,0.0273267589509487,0.0270936880260705,0.0267024487257003,0.0263316184282302,0.0298129562288522,0.0241801775991916,0.0331384874880313,0.0298129562288522,0.0637167170643806,0.0628950595855712,0.1584528088569641,0.1507339477539062,0.2873618602752685,0.3127586245536804,0.3903695642948151,0.4229649901390076,0.4261558055877685,0.4703810214996337,0.4271708130836487,0.4596351087093352,0.4199630320072174,0.4448170065879822,0.4663897454738617,0.4691251814365386,0.7262528538703918,0.7465474009513856,0.9203440546989442,0.9558499455451964,0.952703833580017,-0.2586927711963653,-0.3007688224315644,-0.1842259913682937,-0.3008217811584472,0.0147486235946416,-0.1842259913682937,-0.2008024603128432,-0.2565939724445343,0.2407268285751342,-0.2992888689041137,0.3748131692409515,-0.4075982868671416,0.0890586450695991,-0.5303719639778137,-0.0147504620254039,-0.6262813806533812,-0.1212584525346756,-0.6867613196372986,0.0352642498910427,-0.5506596565246582,0.1818413585424423,-0.1820270121097564,0.2209156602621078,-0.2137186229228973,0.3669981658458709,-0.0643541738390922,0.3608801066875458,-0.0679098069667816,0.1302186697721481,-0.4219446778297424,0,1
0.5116994380950928,0.5164064168930054,0.5226017832756041,0.4652431905269623,0.516541600227356,0.4328004717826843,0.8788550496101379,0.4271930158138275,0.92986398935318,0.903662860393524,0.4736926257610321,0.5869603753089905,0.3994898200035095,0.54932701587677,0.375352382659912,0.0459842756390571,0.0274611823260784,0.0272454768419265,0.0268724299967288,0.026342311874032,0.0292085409164428,0.0238930992782115,0.0330600664019584,0.0292085409164428,0.0638365298509597,0.0628436654806137,0.1583897173404693,0.152604654431343,0.2743271291255951,0.3172049224376678,0.3670026063919067,0.4349436759948729,0.3961873352527618,0.4760846197605133,0.3981909155845641,0.4669695496559143,0.3924869298934936,0.4525630474090576,0.4683021008968352,0.4712616503238677,0.7240288257598878,0.7428842782974243,0.9188234210014344,0.9560470581054688,0.9523171186447144,-0.1925297230482101,-0.2347082793712616,-0.1272297799587249,-0.2346016764640808,0.0757014825940132,-0.1272297799587249,-0.1436582207679748,-0.2002581059932708,0.26406991481781,-0.2177642434835433,0.4085932970046997,-0.3223244249820708,0.1132982075214386,-0.4812885820865631,0.0206809807568788,-0.5706325769424438,-0.0669621154665947,-0.6420699954032898,0.0383918844163417,-0.5081969499588013,0.1699161678552627,-0.1699225753545761,0.2221985310316085,-0.1912147253751754,0.3595457673072815,-0.0474145039916038,0.3548939228057861,-0.0510658584535121,0.1385641098022461,-0.3930322825908661,0,1
0.5117084383964539,0.518449068069458,0.5250491499900818,0.4654810130596161,0.5209011435508728,0.4332295656204224,0.8996053338050841,0.3583759665489197,0.9400566816329956,0.9220572710037231,0.3967235088348388,0.5864421129226685,0.3996222317218781,0.5515692234039307,0.377883106470108,0.0465130731463432,0.028085246682167,0.0278903543949127,0.0275716222822666,0.0266730729490518,0.0289962347596883,0.0239238776266574,0.033106755465269,0.0289962347596883,0.0644106715917587,0.0631281957030296,0.1579488813877105,0.1537849456071853,0.2565268874168396,0.313335508108139,0.338964432477951,0.4279995560646056,0.3605631291866302,0.4664780497550964,0.3641175031661987,0.4543685913085937,0.3594024777412414,0.4400015473365784,0.4686899185180664,0.4725596904754639,0.7228859663009644,0.7420145273208617,0.9171414375305176,0.9576536417007446,0.9513401985168456,-0.1918332278728484,-0.2307156920433044,-0.0909795835614204,-0.2304709106683731,0.0973050519824028,-0.0909795835614204,-0.1381771862506866,-0.1913408637046813,0.2853257656097412,-0.137270838022232,0.4492148458957672,-0.2534253299236297,0.1740168184041977,-0.4808436930179596,0.0629938021302223,-0.5706000924110413,-0.0492777302861213,-0.6432189345359801,0.1053164452314376,-0.5098357796669006,0.1633535623550415,-0.1633972227573394,0.2196556031703948,-0.1690665334463119,0.3912366330623626,-0.0268906727433204,0.3890615701675415,-0.0271507333964109,0.1579900830984115,-0.3723868429660796,0,1
0.5113034844398499,0.5189858675003052,0.5266155004501343,0.4626667499542236,0.5265184044837952,0.4303380846977233,0.9219376444816588,0.337278664112091,0.9592894911766052,0.9371322393417358,0.3812834322452544,0.5863812565803528,0.3999595940113068,0.5534646511077881,0.3788142204284668,0.0466252714395523,0.0281540937721729,0.0279878862202167,0.0276662893593311,0.0263078566640615,0.0280908979475498,0.023024121299386,0.0331726595759391,0.0280908979475498,0.064727172255516,0.0632500723004341,0.1577126085758209,0.1557135730981826,0.2421324253082275,0.3201963305473328,0.3110988438129425,0.4506025314331055,0.325111448764801,0.4925680756568908,0.3305422365665436,0.4831506311893463,0.3264752924442291,0.4669459760189056,0.4694400429725647,0.4729677736759186,0.7216893434524536,0.7414597272872925,0.9160906076431272,0.95778751373291,0.9507862329483032,-0.2843764126300812,-0.3091740608215332,-0.1204604059457778,-0.3089503943920135,0.0373605675995349,-0.1204604059457778,-0.2294173389673232,-0.2640517354011536,0.2555809915065765,-0.1715565174818038,0.2898151576519012,-0.3192255198955536,-0.134423941373825,-0.532465398311615,-0.2520947456359863,-0.6121674776077272,-0.3433746695518493,-0.6763744354248047,-0.1897120177745819,-0.5463657975196838,0.1638615876436233,-0.1639623492956161,0.2232643961906432,-0.169751763343811,0.4770973920822144,-0.0245326589792966,0.4875408709049225,-0.0260488614439964,0.2623480856418609,-0.3862884044647217,0,1
0.5111545920372009,0.5195242762565613,0.5277251601219177,0.4600322842597961,0.5274989604949951,0.4269284904003143,0.9565433263778688,0.3215258121490478,1.0084749460220337,0.9768931865692138,0.3690167367458344,0.5862194895744324,0.3999145925045013,0.5545479655265808,0.3779399991035461,0.0463569648563861,0.0273775402456522,0.0274968594312667,0.0274041183292865,0.0246811490505933,0.027037039399147,0.0210950952023267,0.0332219786942005,0.027037039399147,0.0648143216967582,0.0633467510342598,0.1573558449745178,0.1571394801139831,0.2169272452592849,0.3276214301586151,0.2681503593921661,0.4696571826934814,0.2733630239963531,0.5163984894752502,0.2696424126625061,0.5134491920471193,0.2717210054397583,0.4967662692070007,0.4722877442836761,0.4757005274295807,0.721103310585022,0.7415885925292968,0.9154449701309204,0.9580574035644532,0.950328052043915,-0.2913286089897156,-0.31979900598526,-0.1300007402896881,-0.3195081949234009,0.0326188877224922,-0.1300007402896881,-0.239220455288887,-0.2790155410766601,0.241710215806961,-0.1859567016363144,0.1919445693492889,-0.3420029282569884,-0.2906786203384399,-0.5552348494529724,-0.4183701276779175,-0.6390011310577393,-0.506539821624756,-0.6918714046478271,-0.348651260137558,-0.5650827884674072,0.1628732681274414,-0.1630910634994506,0.2413927763700484,-0.1629378050565719,0.5303448438644409,-0.0182093754410743,0.5420237183570862,-0.0183141846209764,0.3232559561729431,-0.3760619759559631,0,1
0.5119877457618712,0.5213524103164673,0.5300737023353577,0.4592569470405578,0.5293381810188292,0.4252857267856597,0.9469480514526368,0.2786039710044861,0.999909281730652,0.9490354061126708,0.3224382102489471,0.5819088220596313,0.3949213624000549,0.554556667804718,0.3774599730968475,0.0464182384312152,0.0273048970848321,0.0274955127388238,0.0274621285498142,0.0244957078248262,0.0269616041332483,0.0207916963845491,0.0335420556366443,0.0269616041332483,0.0655098631978035,0.0638672336935997,0.155296117067337,0.1582341939210891,0.1953184306621551,0.3275727033615112,0.2360958755016327,0.4801058769226073,0.2552188038825989,0.5319973826408385,0.2490714788436889,0.5320056676864624,0.2483625710010528,0.5158959031105042,0.4763747751712799,0.4779761731624603,0.7207389473915101,0.7416685819625854,0.9141705632209776,0.9591668248176576,0.94833105802536,-0.3041147589683532,-0.3328274488449096,-0.1379610002040863,-0.3325097858905792,0.0131841264665126,-0.1379610002040863,-0.251747190952301,-0.2916275858879089,0.1958719938993453,-0.1709977835416793,0.0190165843814611,-0.2842630743980408,-0.5321956872940063,-0.5061757564544678,-0.6737365126609801,-0.5791863799095154,-0.7265751361846925,-0.6656994223594666,-0.5773062109947205,-0.5359979271888733,0.1498383581638336,-0.1503776609897613,0.2483392059803008,-0.1404942870140075,0.5755248069763184,0.0277209542691707,0.5928207635879517,0.0270704012364149,0.3798045814037322,-0.3319801986217499,0,1
0.5126460194587708,0.5219640731811523,0.530744194984436,0.4583790600299835,0.5280167460441588,0.423911839723587,0.9321261644363404,0.2471560984849929,0.9882562160491944,0.9495804905891416,0.2817971408367157,0.5751523375511169,0.3904827833175659,0.5544851422309875,0.3771031796932221,0.0462659783661365,0.0264422036707401,0.0267870835959911,0.0269970558583736,0.0236765332520008,0.026948794722557,0.0201006159186363,0.0335752256214618,0.026948794722557,0.0655497685074806,0.0639040246605873,0.1509675681591034,0.1588763892650604,0.1699094176292419,0.328657329082489,0.1634222418069839,0.4896884858608246,0.1543123424053192,0.5392262935638428,0.1591757237911224,0.5411849021911621,0.1675998270511627,0.5265268087387085,0.4796935617923736,0.4819865822792052,0.7189385294914246,0.7414214015007019,0.9132118225097656,0.9595968127250672,0.9472359418869016,-0.3005724847316741,-0.3341821134090423,-0.1526620239019394,-0.3338891267776488,0.0112425694242119,-0.1526620239019394,-0.2461132109165192,-0.2929219305515289,0.1819900125265121,-0.1883182972669601,-0.0417958460748195,-0.2922737300395965,-0.5956632494926453,-0.4566731750965118,-0.733306884765625,-0.5026710629463196,-0.7720685601234435,-0.6057964563369751,-0.6380054354667664,-0.4927256405353545,0.1413896083831787,-0.1421409249305725,0.3059698343276977,-0.0787939801812171,0.5595756769180298,0.0764879435300827,0.5700662732124329,0.0759984478354454,0.369121640920639,-0.2505515217781067,0,1
0.5132015943527222,0.5219933390617371,0.5305653214454651,0.4583613574504852,0.526646614074707,0.4229490458965301,0.92144113779068,0.209100529551506,0.9750649333000184,0.9461483359336852,0.236453115940094,0.5714454054832457,0.3851057589054108,0.553535223007202,0.3745535910129547,0.0455459468066692,0.0255026258528232,0.0260341055691242,0.0265165083110332,0.0223969779908657,0.0261069536209106,0.0184447299689054,0.0336071588099002,0.0261069536209106,0.0655023753643035,0.0636888295412063,0.1481378972530364,0.159959614276886,0.1489955186843872,0.3311396241188049,0.1161726862192154,0.4917111992835999,0.0996867939829826,0.5430507659912108,0.1008294448256492,0.5466587543487549,0.1103918179869651,0.5318543910980225,0.4801234304904938,0.4825502932071686,0.7184144854545593,0.7407990694046019,0.9132329821586608,0.9601132273674012,0.9472442865371704,-0.2952251136302948,-0.3308127820491791,-0.1580646634101867,-0.3305460810661316,0.015073612332344,-0.1580646634101867,-0.2392785251140594,-0.289078950881958,0.1568507999181747,-0.1807482540607452,-0.0888656750321388,-0.2586566507816314,-0.6298325657844543,-0.3915687501430512,-0.7662642002105712,-0.4252488911151885,-0.8056512475013733,-0.5338738560676575,-0.6731433868408203,-0.4308875203132629,0.1285121738910675,-0.1293943226337433,0.2935096621513366,-0.0462644062936306,0.5204365849494934,0.1343021094799041,0.5247944593429564,0.135757565498352,0.3298244774341583,-0.1878179907798767,0,1
0.5150834918022156,0.5219322443008423,0.5298343300819397,0.4594888985157013,0.5162875056266785,0.4228398501873016,0.9156920313835144,0.1819505542516708,0.967007875442505,0.942470371723175,0.2013746052980422,0.566578209400177,0.3809601664543152,0.5499477982521057,0.3692975342273712,0.0449653193354606,0.0253522433340549,0.025890689343214,0.0264176037162542,0.0222422927618026,0.025704126805067,0.0181116200983524,0.0336337201297283,0.025704126805067,0.0648381635546684,0.0631903260946273,0.147578090429306,0.1607734858989715,0.1258576959371566,0.3349594473838806,0.0721098333597183,0.4987778663635253,0.047644305974245,0.547005295753479,0.0471040233969688,0.5515679717063904,0.0567857921123504,0.5364506840705872,0.4806538224220276,0.4834724068641663,0.7182360887527466,0.740357518196106,0.9143245816230772,0.9601462483406068,0.9480854272842408,-0.2547593414783478,-0.3005609810352325,-0.169231429696083,-0.3005313575267792,0.0327706411480903,-0.169231429696083,-0.2039847075939178,-0.268154501914978,0.1702650636434555,-0.1919454187154769,0.199507549405098,-0.2874730825424194,0.0865273997187614,-0.4185075461864472,0.0276985839009284,-0.4442635476589202,-0.0180756710469722,-0.5511890053749084,0.0514201447367668,-0.4568370878696441,0.1325900852680206,-0.1334154903888702,0.2871383130550384,-0.0747561752796173,0.5190129280090332,0.1335817724466323,0.5247153639793396,0.1393044888973236,0.3224911093711853,-0.1821397989988327,0,1
0.5155789852142334,0.5218314528465271,0.5291538238525392,0.4599389731884002,0.5111532211303711,0.4225346148014068,0.9235883355140686,0.1608539968729019,0.96781724691391,0.9452235698699952,0.1713146269321441,0.5651843547821045,0.3778527975082397,0.5478684902191162,0.3625953197479248,0.0442579947412014,0.0250093284994363,0.0255642421543598,0.0261400938034057,0.021817298606038,0.025263050571084,0.017618604004383,0.0336103811860084,0.025263050571084,0.0642957389354705,0.0626986250281333,0.1466253846883773,0.1620983481407165,0.0941007658839225,0.3346409797668457,0.0115757286548614,0.4964774549007416,-0.0192573927342891,0.5439392328262329,-0.0239383745938539,0.549514889717102,-0.0108316335827112,0.5359258651733398,0.4806930124759673,0.4835875928401947,0.7172914743423462,0.7392821907997131,0.914813220500946,0.9603244662284852,0.9483280181884765,-0.2558194398880005,-0.300689548254013,-0.2021892517805099,-0.3007716834545135,0.0295719858258962,-0.2021892517805099,-0.2050747126340866,-0.2732255160808563,0.1806772202253341,-0.217997059226036,0.3132924437522888,-0.3101697564125061,0.3363595008850097,-0.4531254172325134,0.3016706705093384,-0.4906775653362273,0.2598434686660766,-0.590117335319519,0.3021988272666931,-0.4817692339420319,0.1347219198942184,-0.1355331838130951,0.2377480417490005,-0.1456046551465988,0.5109202265739441,0.114566147327423,0.5170319080352783,0.1212959811091423,0.2892124950885772,-0.2523994743824004,0,1
0.5157044529914856,0.5216566324234009,0.5289077162742615,0.4590727388858795,0.5095735192298889,0.4179485440254211,0.9331132769584656,0.1393941938877105,0.9705525040626524,0.9417428970336914,0.1473380774259567,0.5655097961425781,0.3767895996570587,0.5457703471183777,0.3534929454326629,0.0442927852272987,0.0245012082159519,0.0250484347343444,0.0256215184926986,0.0211344100534915,0.0244738832116127,0.0167626272886991,0.0332847386598587,0.0244738832116127,0.0645480826497078,0.0627993494272232,0.1409660428762436,0.1640275120735168,0.0532680675387382,0.3356779217720032,-0.0960784777998924,0.4945929050445556,-0.133736565709114,0.5419629812240601,-0.1386914253234863,0.5466712117195128,-0.1207974776625633,0.533814549446106,0.4807007312774657,0.4839171767234801,0.7172200679779053,0.7397711873054504,0.9148890376091005,0.960361361503601,0.9483323097229006,-0.2855084836483001,-0.3395920991897583,-0.2536360919475555,-0.3398140370845794,0.0141441607847809,-0.2536360919475555,-0.2361943125724792,-0.3138532042503357,0.1484126448631286,-0.2300513535737991,0.1634988188743591,-0.3013576567173004,0.0856081172823906,-0.4377201199531555,0.0180408433079719,-0.45689857006073,-0.0126189077273011,-0.5599591135978699,0.0503338426351547,-0.4746825695037842,0.1338367313146591,-0.1347005367279052,0.1794827133417129,-0.1628299057483673,0.5311354994773865,0.1221896409988403,0.5493810772895813,0.1319759637117386,0.3217784464359283,-0.24266217648983,0,1
0.5144005417823792,0.5190655589103699,0.5257441401481628,0.457783967256546,0.5061530470848083,0.4153941571712493,0.884756326675415,0.1303066611289978,0.8840215802192688,0.874583601951599,0.13194540143013,0.5657450556755066,0.37462517619133,0.5442654490470886,0.3440211713314056,0.0429866500198841,0.0232402216643095,0.0239170528948307,0.0245792493224144,0.0195378940552473,0.0237595476210117,0.015167424455285,0.0327234603464603,0.0237595476210117,0.0640667155385017,0.0618389174342155,0.1380587518215179,0.1661078184843063,0.0378057137131691,0.3358907401561737,-0.1223456114530563,0.4944615960121154,-0.1485532969236374,0.541845977306366,-0.165136232972145,0.5465258359909058,-0.1487613320350646,0.5335775017738342,0.4803697466850281,0.4837918877601624,0.717546820640564,0.7412173748016356,0.9148465394973754,0.9610174894332884,0.9482241868972776,-0.2781703770160675,-0.3363284766674042,-0.2361298501491546,-0.3368346393108368,0.0190850254148244,-0.2361298501491546,-0.2318905442953109,-0.3082046210765838,0.1401431560516357,-0.1996740698814392,0.1215118169784545,-0.2098568230867385,0.0514146648347377,-0.3197980523109436,-0.013623115606606,-0.3287185132503509,-0.0299395192414522,-0.4332787096500397,0.0221196841448545,-0.3596589863300323,0.1207327395677566,-0.1217752695083618,0.0937565043568611,-0.1844357401132584,0.5227261781692505,0.1273070871829986,0.5430649518966675,0.1389428526163101,0.3106866478919983,-0.24367755651474,0,1
0.5045084357261658,0.5083581805229187,0.5152947902679443,0.45102259516716,0.498331606388092,0.41296648979187,0.7767230272293091,0.1222929432988166,0.7766788005828857,0.7491862177848816,0.1231790855526924,0.5653672814369202,0.3711958527565001,0.5425581336021423,0.3383851051330566,0.0322663225233554,0.0151382191106677,0.0162301808595657,0.0172410532832145,0.0117859477177262,0.0213915202766656,0.0093459393829107,0.0289998762309551,0.0213915202766656,0.0551495552062988,0.0516463108360767,0.1358260214328766,0.1663010865449905,0.0200992431491613,0.3374589681625366,-0.1473409980535507,0.4955058991909027,-0.1827765554189682,0.5438138246536255,-0.1898484528064728,0.5483523011207581,-0.1744762659072876,0.5352674722671509,0.4791170060634613,0.4823349118232727,0.7175657153129578,0.7416719794273376,0.9148035049438475,0.96234929561615,0.9480721354484558,-0.2780342698097229,-0.3338439464569092,-0.2291203886270523,-0.3346550762653351,0.0200731735676527,-0.2291203886270523,-0.2301834970712661,-0.305310308933258,0.1096962392330169,-0.1544822007417678,0.04294940456748,-0.1332046538591385,0.0206783916801214,-0.242356151342392,-0.0629812926054,-0.2535238564014435,-0.0833936408162117,-0.3594414889812469,-0.0221238210797309,-0.2837347984313965,0.1027055233716964,-0.1038823649287223,0.0503532253205776,-0.1824036538600921,0.5184969902038574,0.163379818201065,0.5380845665931702,0.1784940958023071,0.2955147325992584,-0.2191885858774185,0,1
0.4998111426830292,0.5034550428390503,0.5102736353874208,0.4469660520553589,0.4945845007896423,0.4100622832775116,0.7351658940315247,0.1196008473634719,0.7336747050285339,0.70708030462265,0.1190513297915458,0.5647495985031128,0.3683758974075317,0.540665328502655,0.3325734138488769,0.0294653512537479,0.0125569207593798,0.0138154495507478,0.0150353256613016,0.0090931234881281,0.0201367326080799,0.0069923000410199,0.0275099035352468,0.0201367326080799,0.0529916882514953,0.0490178652107715,0.1331030428409576,0.166547030210495,0.01933578774333,0.3402380347251892,-0.1440199166536331,0.4978117048740386,-0.1787989884614944,0.546035885810852,-0.1852144598960876,0.5505675077438353,-0.1700407415628433,0.5373145341873169,0.4778921604156494,0.4816435873508453,0.717663586139679,0.7416797876358032,0.9145694971084594,0.9629502296447754,0.9476906657218932,-0.2774547338485718,-0.3313629031181335,-0.2221920639276504,-0.3319796323776244,0.0216048769652843,-0.2221920639276504,-0.2289909422397613,-0.3013353049755096,0.1203897148370742,-0.1633451133966446,0.0754624977707862,-0.1761038601398468,0.0370645113289356,-0.2956028580665588,-0.0259204600006341,-0.3129206597805023,-0.0237893294543027,-0.4154294729232788,0.0138330291956663,-0.3350703418254852,0.1076075881719589,-0.108728252351284,0.0740657672286033,-0.2016435414552688,0.5453166365623474,0.1524644494056701,0.5736960768699646,0.1673552989959716,0.3189762830734253,-0.2285594940185547,0,1
0.4936520755290984,0.5003230571746825,0.5080515742301941,0.4404303729534148,0.4951320588588714,0.4040221869945526,0.6948760747909546,0.1179233267903328,0.7164860367774963,0.6881366968154907,0.1167806386947631,0.5636497139930725,0.3659709393978119,0.5397568941116333,0.3295791745185852,0.0301215015351772,0.0129698663949966,0.0139114232733845,0.0154181839898228,0.0098876301199197,0.0202444177120924,0.0075944252312183,0.0277779065072536,0.0202444177120924,0.0535382404923439,0.0499803721904754,0.1336405575275421,0.1676404476165771,0.0189130865037441,0.3414044976234436,-0.1331389993429184,0.498548835515976,-0.1771203428506851,0.5461707711219788,-0.1832929998636245,0.5504434704780579,-0.1683664321899414,0.5375286340713501,0.4774300456047057,0.481301873922348,0.7178840041160583,0.7415857315063475,0.9144830703735352,0.963712692260742,0.9475932121276855,-0.2739062011241913,-0.3227096796035766,-0.2028272598981857,-0.3233843147754668,0.0244461726397275,-0.2028272598981857,-0.2272080481052398,-0.2955229580402374,0.1126806661486625,-0.1414633244276046,0.0421492531895637,-0.165137693285942,-0.0177555400878191,-0.3103066384792328,-0.0837716311216354,-0.3329226672649383,-0.0299048218876123,-0.4348476827144623,-0.0359255485236644,-0.3494086563587188,0.100270926952362,-0.1013965681195259,0.0916124060750007,-0.1929046660661697,0.5476945042610168,0.1442625969648361,0.5747414827346802,0.1570834964513778,0.3187844157218932,-0.2300499975681305,0,1
0.4840583801269531,0.4937526285648345,0.5024755001068115,0.4345169067382813,0.4942367672920227,0.4016995429992676,0.6026403903961182,0.1190776601433754,0.5844839215278625,0.5702741742134094,0.1143649965524673,0.5631967186927795,0.3622946441173553,0.539461612701416,0.3268107771873474,0.0292532555758953,0.0115379272028803,0.0126952175050973,0.0142086502164602,0.0083065060898661,0.019411189481616,0.0064881891012191,0.0269216336309909,0.019411189481616,0.053111545741558,0.0484099760651588,0.1337931454181671,0.168751984834671,0.0157949961721897,0.343726634979248,-0.136026844382286,0.4996663630008697,-0.1826076209545135,0.5473825931549072,-0.1858321130275726,0.5519509911537169,-0.1695558726787567,0.5391191840171814,0.4774502813816071,0.4813517034053801,0.7184338569641113,0.7415507435798645,0.9135290980339048,0.9639158248901368,0.9453447461128234,-0.3094751834869385,-0.3516340553760528,-0.2109556049108504,-0.3522660434246063,-0.0005004676058888,-0.2109556049108504,-0.2609968483448028,-0.3211484253406524,0.0536407157778739,-0.1523856967687606,-0.1273552626371383,-0.1855043023824692,-0.2794767618179321,-0.327644795179367,-0.3602012097835541,-0.3524742126464844,-0.3266203701496124,-0.4533821940422057,-0.2915345430374145,-0.3663920164108276,0.095753364264965,-0.0968864411115646,0.0887307450175285,-0.1879259347915649,0.6099334955215454,0.1868371069431305,0.6446738243103027,0.204766571521759,0.3769371807575226,-0.2088572382926941,0,1
0.4770624041557312,0.4918944537639617,0.5016995072364807,0.4296803474426269,0.4951978027820587,0.400207906961441,0.5966551303863524,0.1223765611648559,0.5835498571395874,0.5653764009475708,0.1148501187562942,0.5630213022232056,0.360384613275528,0.5393076539039612,0.3247735202312469,0.0299352053552866,0.012147394940257,0.0132755320519208,0.014687018468976,0.0086742900311946,0.0181872360408306,0.0064930305816233,0.0270537622272968,0.0181872360408306,0.0533018335700035,0.0490944683551788,0.1343374103307724,0.1704091727733612,0.0214306134730577,0.3466252982616424,-0.1338250935077667,0.5014417171478271,-0.1689357459545135,0.5482376217842102,-0.1708985418081283,0.5525131821632385,-0.1545006930828094,0.5395563840866089,0.4777010083198547,0.4821288585662842,0.7187873721122742,0.7413886785507202,0.9121645092964172,0.9636806249618528,0.9431766271591184,-0.3747782707214355,-0.4138166308403015,-0.2544561624526977,-0.4143649935722351,-0.0592605657875537,-0.2544561624526977,-0.3230756223201752,-0.3778518140316009,-0.0226834565401077,-0.1827384531497955,-0.3831576406955719,-0.2275623083114624,-0.7821462154388428,-0.4188368916511536,-0.9075092077255248,-0.4567676484584808,-0.8829578161239624,-0.5686437487602234,-0.8046002984046936,-0.463020533323288,0.0848577916622161,-0.0858943983912467,0.0911528691649436,-0.1298257857561111,0.6612323522567749,0.247330904006958,0.6958197951316833,0.2646596431732178,0.4284354448318481,-0.1430115848779678,0,1
0.4728882610797881,0.489771008491516,0.5002625584602356,0.425624430179596,0.4953612089157104,0.3981893658638,0.5677891373634337,0.1256382763385772,0.5473390221595764,0.5335189700126648,0.1164822503924369,0.5630648136138916,0.360138475894928,0.5393311381340027,0.3226727545261383,0.0304386802017688,0.0125780077651143,0.0136709036305546,0.0149999782443046,0.0089301271364092,0.0178421381860971,0.0065386407077312,0.0270909424871206,0.0178421381860971,0.053405612707138,0.049561757594347,0.1347006112337112,0.1714581251144409,0.021490141749382,0.3474239110946655,-0.1312475800514221,0.5016006231307983,-0.1647166162729263,0.5482732653617859,-0.1657163500785827,0.5523279309272766,-0.1494663655757904,0.5393137931823729,0.4779333472251892,0.4827432036399841,0.7188822031021118,0.7410597205162048,0.9108489155769348,0.9633225202560426,0.9409529566764832,-0.3846960663795471,-0.4226860105991364,-0.266035944223404,-0.4232255816459656,-0.0749560669064521,-0.266035944223404,-0.331911027431488,-0.3855031430721282,-0.0293672960251569,-0.1958812326192856,-0.3354680240154266,-0.2415972650051116,-0.6487012505531311,-0.4284811615943908,-0.7592118382453918,-0.4643752574920654,-0.7293363213539124,-0.5743087530136108,-0.665979266166687,-0.4715647399425506,0.0816744938492774,-0.0826600566506385,0.1188708543777465,-0.1132747530937194,0.6767335534095764,0.244084894657135,0.7104379534721376,0.2599427700042724,0.4499702155590057,-0.1430501937866211,0,1
0.4698145985603333,0.4894095659255981,0.5001538395881653,0.4248501658439636,0.4961188137531281,0.3983615040779114,0.555668830871582,0.1284792870283126,0.5377581119537354,0.5242153406143188,0.1187745183706283,0.5630884170532227,0.3597391247749328,0.5396960377693176,0.3209047317504883,0.0309044681489467,0.0128639098256826,0.0139863416552543,0.0152303650975227,0.0086592528969049,0.0171094574034214,0.0059515610337257,0.0272690542042255,0.0171094574034214,0.0537852235138416,0.0494426786899566,0.1356607377529144,0.1718821823596954,0.0266840569674968,0.3489836752414703,-0.1291777491569519,0.5019193887710571,-0.1645872294902801,0.5486581325531006,-0.1679203808307647,0.5526547431945801,-0.1523444205522537,0.5396190881729126,0.4781383574008941,0.4835731983184814,0.718908429145813,0.7408415079116821,0.909897804260254,0.9612340927124025,0.939748466014862,-0.3672479093074799,-0.4065212607383728,-0.2634725272655487,-0.4070229828357696,-0.0674642324447631,-0.2634725272655487,-0.3147507607936859,-0.370144784450531,-0.0263845045119524,-0.2049175947904586,-0.2881986498832702,-0.2458241283893585,-0.5610237717628479,-0.425900936126709,-0.6684640645980834,-0.461548775434494,-0.6500453352928162,-0.5737810730934143,-0.5816304683685303,-0.4699870645999909,0.0780638307332992,-0.0789609178900718,0.1363382190465927,-0.0928412973880767,0.6649987697601318,0.262345016002655,0.6966255903244019,0.2789068520069122,0.4465878307819366,-0.1063932329416275,0,1
0.4696228504180908,0.4899609982967376,0.5004467368125916,0.4251011312007904,0.4978151619434356,0.3985052704811096,0.561763346195221,0.1312206834554672,0.5419837832450867,0.529712438583374,0.1226050183176994,0.5630853176116943,0.3593229651451111,0.5397453308105469,0.3197325468063354,0.0312378145754337,0.0136591494083404,0.015172210521996,0.0166794564574956,0.0088233724236488,0.0167273096740245,0.0060276077128946,0.0284706242382526,0.0167273096740245,0.0547684840857982,0.0496794693171978,0.1368550360202789,0.1721888333559036,0.0259966012090444,0.3501235246658324,-0.1306766420602798,0.5018064379692078,-0.1649350672960281,0.548673689365387,-0.1687506139278412,0.5527216196060181,-0.1532706171274185,0.5397735834121704,0.4783583581447601,0.4846960008144378,0.718982994556427,0.740730345249176,0.9098439216613768,0.9600647687911988,0.9394561648368835,-0.3642989993095397,-0.4052851796150208,-0.2731186747550964,-0.4058097898960113,-0.0676266923546791,-0.2731186747550964,-0.3104813396930694,-0.3681010901927948,-0.0207244083285331,-0.2195236235857009,-0.23306605219841,-0.2596220970153808,-0.4515805542469024,-0.4271415770053864,-0.547335684299469,-0.4618183672428131,-0.5358712077140808,-0.5725499391555786,-0.4725830852985382,-0.4709630310535431,0.077422484755516,-0.0782746225595474,0.1365754306316375,-0.0953037440776824,0.663199245929718,0.2729502916336059,0.6956132054328918,0.2914512157440185,0.4455395042896271,-0.0924504101276397,0,1
0.4700523018836975,0.4945325553417206,0.5058204531669617,0.4257052242755889,0.5066890716552734,0.3981456458568573,0.5557070374488832,0.131468653678894,0.5300549864768982,0.5304948091506958,0.1245762929320335,0.5631043910980225,0.3593403398990631,0.53988116979599,0.3196184933185577,0.0313158333301544,0.0134208379313349,0.0152088748291134,0.0168133247643709,0.0070454538799822,0.0132865998893976,0.0026400473434478,0.0285102631896734,0.0132865998893976,0.0549254491925239,0.0490606762468814,0.1396375596523285,0.1720829308032989,0.0313590355217456,0.3511089980602264,-0.1165750622749328,0.5038176774978638,-0.1496136933565139,0.5505900382995604,-0.1543086767196655,0.5546495318412781,-0.1394385397434234,0.5417401194572449,0.4787775874137878,0.4858093857765198,0.7199695706367493,0.7408168911933899,0.9088643193244934,0.9579581022262572,0.9373915791511536,-0.4877302348613739,-0.5334175229072571,-0.3796388804912567,-0.5339476466178894,-0.1476273387670516,-0.3796388804912567,-0.4233909547328949,-0.488690197467804,-0.0054226452484726,-0.334685206413269,0.22171950340271,-0.4260935485363007,0.5196495652198792,-0.62734055519104,0.5204548835754395,-0.6649268865585327,0.5280756950378418,-0.770227313041687,0.5123440623283385,-0.6695414781570435,0.0980693399906158,-0.0988446772098541,0.2349849939346313,-0.0914942547678947,0.8381590843200684,0.3624337017536163,0.8807190656661987,0.3932793438434601,0.6566136479377747,0.0232888534665107,0,1
0.4708070456981658,0.4970165193080902,0.5092400312423706,0.4252014160156249,0.5134928822517395,0.3934835791587829,0.5557507872581482,0.1321859806776046,0.5288500189781189,0.5340077877044678,0.1279725879430771,0.5630794763565063,0.3595066368579864,0.5399930477142334,0.3201856911182403,0.0315039791166782,0.0135569404810667,0.0152829336002469,0.0169216059148311,0.0069513684138655,0.0116805424913764,0.0019991411827504,0.028797373175621,0.0116805424913764,0.056460402905941,0.0491216294467449,0.1428617984056472,0.1724471151828766,0.0341434068977832,0.3525008261203766,-0.1093376502394676,0.5057588815689087,-0.142556756734848,0.5525416135787964,-0.1467353999614715,0.5561484098434448,-0.1312640160322189,0.5429665446281433,0.4796030521392822,0.4878133237361908,0.7208353877067566,0.7411097288131715,0.9078729748725892,0.956656575202942,0.9360292553901672,-0.5574753880500793,-0.5984447598457336,-0.4130543172359466,-0.5988733172416687,-0.199552983045578,-0.4130543172359466,-0.489825427532196,-0.5493079423904419,-0.0079874694347381,-0.3533446192741394,0.3424342572689056,-0.4423607289791107,0.7777139544486998,-0.6364148855209352,0.8058317303657532,-0.6642211675643921,0.8202317357063292,-0.7677530646324157,0.7779785394668579,-0.6763745546340942,0.1049514859914779,-0.1057978123426437,0.2868743240833282,-0.0626573637127876,0.8781392574310303,0.3858470916748047,0.9213408827781676,0.4167016744613648,0.7146722674369812,0.063284732401371,0,1
0.4712505638599396,0.4987635612487793,0.5113483667373657,0.4250766634941101,0.5169519782066345,0.3905072808265686,0.563593864440918,0.13337442278862,0.5415319800376892,0.5436534881591797,0.1300935745239257,0.5627620220184326,0.3598102629184723,0.5402005910873413,0.320516973733902,0.0321894101798534,0.0138834239915013,0.0159001313149929,0.0178287010639905,0.0071000158786773,0.010602387599647,0.0018850185442715,0.0298963598906993,0.010602387599647,0.0580703131854534,0.0492110177874565,0.1453102082014084,0.1724063456058502,0.0891593396663665,0.3533536195755005,0.0063191419467329,0.5082425475120544,-0.0103841461241245,0.5553308725357056,-0.0167479123920202,0.5586844682693481,-0.0078867878764867,0.5449355840682983,0.4802473187446593,0.4897412657737732,0.7213104963302611,0.7414751052856445,0.9071748852729796,0.9566637873649596,0.9357354044914244,-0.5272684097290039,-0.5679494142532349,-0.3920190036296845,-0.5683797001838684,-0.1806429922580718,-0.3920190036296845,-0.4602839648723602,-0.5192984938621521,0.0230245646089315,-0.3509133756160736,0.506251335144043,-0.4602728486061096,0.9806913733482362,-0.6592538952827454,1.0255830287933347,-0.6861140131950377,1.0249385833740234,-0.7872175574302673,0.9790372252464294,-0.6967015862464905,0.123914822936058,-0.1248989328742027,0.3469631969928741,-0.0627093762159347,0.840747058391571,0.3321762382984161,0.8741208314895629,0.356375515460968,0.6852355003356934,0.0090529350563883,0,1
0.4713114798069,0.4982218742370605,0.510901153087616,0.421919584274292,0.5166114568710327,0.3864560723304748,0.5508376359939575,0.1343892067670822,0.524143397808075,0.5294368863105774,0.1314621567726135,0.5624006986618042,0.3598592579364776,0.5404485464096069,0.3209372460842132,0.0322762057185173,0.0138350222259759,0.0159421451389789,0.0178919993340969,0.0065051680430769,0.009979473426938,0.0007127478020265,0.0299942232668399,0.009979473426938,0.0581651926040649,0.0491586290299892,0.14642134308815,0.1727930754423141,0.0672848597168922,0.3544152975082397,-0.0714359879493713,0.5096303820610046,-0.1043032184243202,0.5570045113563538,-0.1109663844108581,0.559977650642395,-0.0963461995124816,0.5457538366317749,0.4805428087711334,0.4904851913452149,0.721592366695404,0.7414363622665405,0.90665864944458,0.956237494945526,0.9355494379997252,-0.525734543800354,-0.5694195628166199,-0.4003073871135712,-0.5698939561843872,-0.1760937869548797,-0.4003073871135712,-0.4586261808872223,-0.5218575596809387,0.0167080257087945,-0.3549802899360657,0.3572507202625274,-0.4459465146064758,0.7351429462432861,-0.6416704058647156,0.7564772963523864,-0.6725742220878601,0.7653526067733764,-0.7761694192886353,0.7322905659675598,-0.6816051006317139,0.1222860664129257,-0.1232443675398826,0.3006341457366943,-0.0611442141234874,0.8560730814933776,0.3886942863464355,0.8969674110412597,0.4205695688724518,0.6860345005989075,0.0686061009764671,0,1
0.4674188792705536,0.4951691925525665,0.5081583857536316,0.4176292419433594,0.515110194683075,0.3835273683071136,0.5419655442237854,0.1349628716707229,0.5155333876609801,0.5167497396469116,0.1346565037965774,0.5620386600494385,0.3598947823047637,0.5411810278892517,0.3216094970703125,0.0323883891105651,0.0138773946091532,0.016022115945816,0.0180511660873889,0.0064862193539738,0.0099548334255814,0.0004311021475587,0.0305804703384637,0.0099548334255814,0.0584362857043743,0.0492506362497806,0.1469978839159011,0.1741346418857574,0.0555267333984375,0.3555116057395935,-0.1008261442184448,0.5105757713317871,-0.1374358385801315,0.558330774307251,-0.1423442661762237,0.5613998770713806,-0.1260760724544525,0.546726405620575,0.4806975424289703,0.4910483360290527,0.7218453884124755,0.7413887381553651,0.9060109853744506,0.9553163647651672,0.9347545504570008,-0.4952122569084168,-0.5375511050224304,-0.3748745918273926,-0.5380194783210753,-0.1578492373228073,-0.3748745918273926,-0.4314940869808197,-0.4925179779529572,-0.0055999415926635,-0.3310736715793609,0.1277598440647125,-0.4403160810470581,0.2801001965999603,-0.5976134538650513,0.2661391496658324,-0.620616614818573,0.305904746055603,-0.7251936793327332,0.281310111284256,-0.6367347240447998,0.1131920292973518,-0.1141731068491935,0.2650748491287231,-0.067515842616558,0.811614453792572,0.3609107434749603,0.8464972376823425,0.3888519406318664,0.6260259747505188,0.0313815735280513,0,1
0.4650596678256988,0.4904800951480865,0.5022245049476624,0.4169228374958038,0.5067646503448486,0.3838432729244232,0.5359430313110352,0.136655792593956,0.5103820562362671,0.5058377385139465,0.1377491354942321,0.5619407296180725,0.3599534332752228,0.541539192199707,0.3219224810600281,0.0324752554297447,0.0139962462708354,0.0161388684064149,0.0181700717657804,0.006601036991924,0.0102841109037399,0.0005090964841656,0.0311629865318536,0.0102841109037399,0.0585130341351032,0.0493156984448432,0.1470104753971099,0.1754549443721771,0.0368916802108287,0.3581541180610657,-0.1290450245141983,0.5114061236381531,-0.1655399799346923,0.5595830082893372,-0.1741472035646438,0.5627686977386475,-0.1585139036178589,0.5478406548500061,0.4807039201259613,0.4911618828773498,0.721840500831604,0.7413175702095031,0.905766487121582,0.9553588032722472,0.9344043731689452,-0.4100529253482818,-0.4547222554683685,-0.3418088555335998,-0.4553185403347015,-0.1147690862417221,-0.3418088555335998,-0.3529101014137268,-0.4170543253421784,-0.000896104320418,-0.3048601746559143,0.0739345401525497,-0.3390808701515198,0.1491595804691314,-0.4783723652362824,0.1103999465703964,-0.5048915147781372,0.1226603686809539,-0.6100524663925171,0.1390306502580642,-0.5189107060432434,0.1092753708362579,-0.1102178916335105,0.2207730859518051,-0.0696407407522201,0.7694240808486937,0.3436039090156555,0.8071222901344299,0.3698160946369171,0.5764920711517334,0.0073646688833832,0,1
0.4489623308181762,0.4737500548362732,0.4853100180625916,0.4081239998340607,0.4914062619209289,0.3823694884777068,0.5291892886161804,0.1375167518854141,0.5051049590110779,0.4930524528026581,0.1389196217060089,0.5618629455566406,0.3580462634563446,0.5420176982879639,0.322537213563919,0.0322929993271827,0.0140150338411331,0.0161669179797172,0.0182013567537069,0.0068850219249725,0.0127971861511468,0.0017372511792927,0.0313197784125804,0.0127971861511468,0.0584615767002105,0.049375757575035,0.146299198269844,0.1776624023914337,0.0249147303402423,0.3594185411930084,-0.1415706425905227,0.5114709138870239,-0.1774261891841888,0.5597100257873535,-0.1837478876113892,0.5627967715263367,-0.1674523949623108,0.5482305288314819,0.480259507894516,0.4905970096588135,0.7218343019485474,0.7404977083206176,0.9057901501655578,0.9554009437561036,0.9343010783195496,-0.3823287189006805,-0.4157920777797698,-0.2642159163951874,-0.4162495136260986,-0.0958418622612953,-0.2642159163951874,-0.3299515545368194,-0.3782676756381988,-0.0661289393901825,-0.190690279006958,-0.430892676115036,-0.1710828393697738,-0.8042489886283873,-0.2974478304386139,-0.9313392639160156,-0.3273466825485229,-0.905560791492462,-0.4345865845680237,-0.8219285011291504,-0.3400405645370483,0.0726357325911521,-0.073625735938549,0.0890766978263855,-0.0720149502158165,0.6656506657600403,0.3525954484939575,0.7074308395385742,0.3779276013374328,0.4489172995090484,4.204735523671843e-05,0,1
0.4512166380882263,0.472819685935974,0.4834421873092651,0.4085498750209808,0.4864697754383087,0.3826102316379547,0.5333287715911865,0.1406494677066802,0.5098224282264708,0.499345600605011,0.1403485238552093,0.561341404914856,0.3577355146408081,0.5427498817443848,0.323345422744751,0.0360888317227363,0.018077079206705,0.0198389645665884,0.021477872505784,0.0117552299052476,0.0154117625206708,0.0070734680630266,0.0322572775185108,0.0154117625206708,0.0604358725249767,0.0521501824259758,0.1459311544895172,0.1786928027868271,0.0259408168494701,0.3594907820224761,-0.1354648917913437,0.5126016139984131,-0.1720660477876663,0.560392200946808,-0.1776092201471328,0.5632845759391785,-0.1614776253700256,0.549247145652771,0.4801583290100097,0.4906504154205321,0.7215656042098998,0.7391687631607055,0.9058046340942384,0.9550092816352844,0.9341586232185364,-0.3803709745407104,-0.4210174083709717,-0.2771588563919067,-0.4215012788772583,-0.0930717065930366,-0.2771588563919067,-0.3247616589069366,-0.3825386762619018,-0.045278675854206,-0.2023047506809234,-0.207726314663887,-0.2230578362941741,-0.3465459942817688,-0.374486893415451,-0.4262384176254272,-0.4017949104309081,-0.4026939272880553,-0.5050949454307556,-0.3602441549301147,-0.4147391319274902,0.0767230838537216,-0.0776947364211082,0.1231082379817962,-0.0708997696638107,0.6201143264770508,0.343353807926178,0.652224838733673,0.3683139085769653,0.4178368747234344,-0.0052145016379654,0,1
0.4472190141677856,0.4659286439418793,0.4764570891857147,0.4043802917003632,0.4820685386657714,0.3808914124965668,0.5376871824264526,0.1436886936426162,0.5116792321205139,0.5017781853675841,0.1413623988628387,0.5614299774169922,0.3578139543533324,0.5434451103210449,0.3240469396114349,0.0374229252338409,0.0194422751665115,0.0212544314563274,0.0229416247457265,0.0132794408127665,0.0175102706998586,0.008973185904324,0.0334818065166473,0.0175102706998586,0.0612618140876293,0.0538724884390831,0.1459287106990814,0.1789246946573257,0.0263928771018981,0.3596072196960448,-0.1328248679637909,0.5131806135177612,-0.1695757508277893,0.5606833100318909,-0.174108624458313,0.5635601282119751,-0.1575641334056854,0.5500305891036987,0.4808597564697265,0.4912508428096771,0.7217413783073425,0.7388530969619752,0.9057869911193848,0.9544763565063475,0.9334813952445984,-0.3686257302761077,-0.4091804027557373,-0.276494413614273,-0.4096807837486267,-0.0806299224495887,-0.276494413614273,-0.3125614821910858,-0.3702167868614197,-0.0361960269510746,-0.2104768306016921,-0.2727557420730591,-0.2219917923212051,-0.5008440613746643,-0.3316726386547088,-0.5952783226966858,-0.3525480628013611,-0.5581440329551697,-0.4569080471992492,-0.5116198062896729,-0.3717905282974243,0.0755366459488868,-0.0765005722641945,0.1247462779283523,-0.0671945214271545,0.630162239074707,0.3419781029224396,0.6646445393562317,0.3662059903144837,0.4317066967487335,-0.0028197665233165,0,1
0.4486385881900787,0.4662221372127533,0.4765565097332001,0.4040708839893341,0.4794227182865143,0.3796157538890839,0.5421655774116516,0.1474850624799728,0.5166931748390198,0.5074282288551331,0.1424936801195144,0.5613566637039185,0.3579537570476532,0.5436674952507019,0.3246833682060241,0.0391765609383583,0.0206379480659961,0.0224297530949115,0.0240523219108581,0.0147021589800715,0.0189660228788852,0.0105738136917352,0.0342198722064495,0.0189660228788852,0.0624598264694213,0.0557736828923225,0.1460252702236175,0.1788479387760162,0.0279197599738836,0.3594061732292175,-0.1307522058486938,0.5136855244636536,-0.1682348549365997,0.5610934495925903,-0.1727624237537384,0.5642017126083374,-0.1559801697731018,0.5510473847389221,0.4816644787788391,0.4916220307350159,0.721846342086792,0.738735020160675,0.9057976007461548,0.9543222188949586,0.9334374666213988,-0.3646083474159241,-0.407648354768753,-0.2815792858600616,-0.4081618785858154,-0.0755101963877677,-0.2815792858600616,-0.3073417842388153,-0.3685114979743957,-0.0289948005229234,-0.2184694856405258,-0.19423209130764,-0.2442173808813095,-0.349918007850647,-0.3561442494392395,-0.4275097846984863,-0.3757122159004211,-0.3957139253616333,-0.4796454906463623,-0.3604796230792999,-0.3957823812961578,0.075999841094017,-0.0769557431340217,0.1357501298189163,-0.0686250552535057,0.643316924571991,0.337656021118164,0.6773958802223206,0.3614642620086669,0.4483439028263092,-0.0043582082726061,0,1
0.4519550204277039,0.467294156551361,0.4779176115989685,0.4041887819766998,0.477782279253006,0.3790771961212158,0.5585082769393921,0.1534010469913482,0.5348260402679443,0.5238096117973328,0.1467805504798889,0.560800313949585,0.3583112359046936,0.5439106822013855,0.3252860307693481,0.0399897173047065,0.0209392718970775,0.0226480290293693,0.0241911727935075,0.0151396412402391,0.0190229248255491,0.0107970517128705,0.0342626571655273,0.0190229248255491,0.0629213824868202,0.0565690696239471,0.1457304656505584,0.1787946373224258,0.0289744473993778,0.359775185585022,-0.1284214109182357,0.515653669834137,-0.1659349054098129,0.5629202127456665,-0.1710821092128753,0.5664118528366089,-0.1544429808855056,0.5529488325119019,0.4824508726596832,0.4920932352542876,0.7219146490097046,0.738456904888153,0.905724048614502,0.9538338780403136,0.9329460263252256,-0.3633347451686859,-0.409582644701004,-0.2974636852741241,-0.4100822508335113,-0.0752522572875022,-0.2974636852741241,-0.304009199142456,-0.3697450459003448,-0.0135628450661897,-0.2413869500160216,-0.1508747041225433,-0.2501444816589355,-0.2663415670394897,-0.3577922880649566,-0.3227334916591644,-0.3688464760780334,-0.2787652015686035,-0.4708108305931091,-0.271402895450592,-0.3956280946731567,0.0781805962324142,-0.0791180804371833,0.1408565193414688,-0.048400230705738,0.623536229133606,0.3533724844455719,0.6542167663574219,0.3784494698047637,0.441733717918396,0.0373219773173332,0,1
0.4523217380046845,0.4647260904312134,0.4743196666240692,0.4025640189647674,0.4718200266361236,0.3749436140060425,0.577670693397522,0.1625087112188339,0.564366340637207,0.5482627153396606,0.1549929827451706,0.5605357885360718,0.3583604991436004,0.5442026257514954,0.3256333768367767,0.0387850888073444,0.0196278598159551,0.0211056247353553,0.0224784724414348,0.0146378111094236,0.0194389801472425,0.0107362549751997,0.0337187834084034,0.0194389801472425,0.0616202466189861,0.0562889091670513,0.1421664655208587,0.1787180304527282,0.0264522079378366,0.3596509993076324,-0.1323259770870208,0.5166547298431396,-0.1713820546865463,0.563926100730896,-0.1873389035463332,0.5674282312393188,-0.1700862348079681,0.553869366645813,0.4823672175407409,0.4920026361942291,0.7218362092971802,0.7377289533615112,0.905718445777893,0.9533756971359252,0.9327248334884644,-0.3358765244483948,-0.376955509185791,-0.2610869109630584,-0.3773860633373261,-0.0560595989227294,-0.2610869109630584,-0.2830298840999603,-0.3415693342685699,-0.009616483002901,-0.2076090425252914,-0.1917576640844344,-0.1937717050313949,-0.3778096437454224,-0.2779830396175384,-0.4649300575256348,-0.2897151708602904,-0.4349525868892669,-0.3920213878154754,-0.3901926279067992,-0.3164057433605194,0.0763636380434036,-0.0773215964436531,0.1135597229003906,-0.0499157644808292,0.5779173374176024,0.3503988087177276,0.6088613271713257,0.3747822940349578,0.3845679759979248,0.0259834472090005,0,1
0.4527799785137177,0.4609360992908478,0.4685747027397156,0.402895301580429,0.459636390209198,0.3751317262649536,0.6189056634902954,0.1716100126504898,0.6068310141563416,0.5852807760238647,0.1672732532024383,0.5599455237388611,0.3584586977958679,0.544670820236206,0.3257828950881958,0.0374603867530822,0.0187850855290889,0.0197219531983137,0.0204896386712789,0.0145969856530427,0.0225686468183994,0.0113992178812623,0.0330035760998725,0.0225686468183994,0.0590254589915275,0.0556034743785858,0.1421807557344436,0.1785532534122467,0.0271193888038396,0.3600683510303497,-0.1405728608369827,0.5187693238258362,-0.1795252710580825,0.5664158463478088,-0.189848393201828,0.5707463026046753,-0.1731626689434051,0.5562655329704285,0.4825079441070556,0.4921606481075287,0.7218583226203918,0.7373713254928589,0.9061102867126464,0.9522422552108764,0.9328817129135132,-0.300077885389328,-0.3466977477073669,-0.255677193403244,-0.3470452725887298,-0.0269830115139484,-0.255677193403244,-0.2500710785388946,-0.3154646456241608,0.0198864862322807,-0.2104455530643463,-0.1682517826557159,-0.1952926069498062,-0.3153901994228363,-0.2391029745340347,-0.3786410391330719,-0.2411053329706192,-0.3582455217838287,-0.3416065871715545,-0.3270144462585448,-0.276189923286438,0.0770426765084266,-0.078067772090435,0.110709361732006,-0.052229531109333,0.5385902523994446,0.3471700549125671,0.566368043422699,0.3714052736759186,0.3454272449016571,0.0212357137352228,0,1
0.4531644284725188,0.4576940834522247,0.4642224907875061,0.4027226865291595,0.452920138835907,0.3745655119419097,0.647368848323822,0.1842137724161148,0.6466373801231384,0.6185839772224425,0.181470364332199,0.5590304732322693,0.3590297698974609,0.5451995134353638,0.3258744478225708,0.0349062457680702,0.0171069279313087,0.0176724474877119,0.0181072987616062,0.0140876751393079,0.0226865150034427,0.0113670444115996,0.0306551419198513,0.0226865150034427,0.0551379099488258,0.0533555820584297,0.1416693776845932,0.1781451851129531,0.0272832866758108,0.3618749380111694,-0.1407023221254348,0.5208778977394104,-0.1899660378694534,0.5705388784408569,-0.1984598934650421,0.5756055116653441,-0.1816885471343994,0.5598514080047609,0.4827422201633453,0.4923249185085296,0.7217377424240112,0.7370651364326477,0.906402111053467,0.9520490765571592,0.9329974055290222,-0.3072320818901062,-0.353837788105011,-0.2589013576507568,-0.3541363179683685,-0.0279562771320343,-0.2589013576507568,-0.2580214440822601,-0.3233366310596466,0.0260591935366392,-0.2155899256467819,-0.1497046053409576,-0.2118667811155319,-0.2776278257369995,-0.279193103313446,-0.3586297035217284,-0.2886779010295868,-0.33375084400177,-0.3911724388599396,-0.2904054522514343,-0.317648708820343,0.0801178142428398,-0.0811254456639289,0.1094478294253349,-0.0534429550170898,0.5259281992912292,0.3456571698188782,0.5525436401367188,0.3704972863197327,0.3341517746448517,0.018130823969841,0,1
0.4559242129325866,0.4582869708538056,0.4646801352500916,0.4029794931411743,0.4519076943397521,0.3744561076164245,0.6969850659370422,0.2005817592144012,0.7080851197242737,0.6670239567756653,0.203047439455986,0.5586733222007751,0.3595198690891266,0.5452563166618347,0.3259881436824798,0.0343081131577491,0.0169126335531473,0.0173352006822824,0.017599293962121,0.0140514653176069,0.0229018218815326,0.0113143790513277,0.02960866689682,0.0229018218815326,0.0539004281163215,0.0526925437152385,0.1409458220005035,0.1758468896150588,0.0271922294050455,0.3615941107273102,-0.1412108540534973,0.5205273628234863,-0.1863552629947662,0.570054829120636,-0.1951741874217987,0.5752573013305664,-0.1947107017040252,0.5597878694534302,0.482837051153183,0.4923170208930968,0.7216457724571229,0.7369691133499146,0.9067247509956362,0.9516525268554688,0.933579623699188,-0.3196881115436553,-0.3651407957077026,-0.263565182685852,-0.3654881715774536,-0.03174814209342,-0.263565182685852,-0.2674698233604431,-0.3310967683792114,0.0245507471263408,-0.2329881489276885,-0.0833185017108917,-0.231270045042038,-0.127117782831192,-0.3085902333259582,-0.2145033776760101,-0.322273463010788,-0.2035079896450042,-0.43179452419281,-0.1457814276218414,-0.353272408246994,0.0857003927230834,-0.086572952568531,0.1171922981739044,-0.0504181049764156,0.4894180595874786,0.3127640187740325,0.5074325799942017,0.3287868201732635,0.2899413406848907,-0.0098990881815552,0,1
0.4608037769794464,0.4586154818534851,0.4656352698802948,0.4070887267589568,0.4528737366199493,0.3748830556869506,0.8152951002120972,0.2252032458782196,0.8528012633323668,0.8136911392211914,0.2290693223476409,0.5586744546890259,0.3642893135547637,0.5452902913093567,0.32607501745224,0.0347300246357917,0.0174319557845592,0.0175781939178705,0.0176309123635292,0.0155042828992009,0.0239701308310031,0.0132478801533579,0.0292994622141122,0.0239701308310031,0.0540990158915519,0.0529726631939411,0.1392149031162262,0.1732442826032638,0.0359318368136882,0.3614747822284697,-0.1299087107181549,0.5201563835144042,-0.1829999685287475,0.5704413652420044,-0.1917973458766936,0.5761271715164185,-0.1890311241149902,0.5606287717819214,0.4806644916534424,0.4895246624946593,0.7208272218704223,0.7363995313644409,0.906917870044708,0.9508441686630248,0.9337642788887026,-0.3254982531070708,-0.367150753736496,-0.2919313311576843,-0.3677396178245544,-0.0367480926215648,-0.2919313311576843,-0.2683328688144684,-0.3403666913509369,0.0307942125946283,-0.2915668189525604,-0.0058025172911584,-0.3408503532409668,-0.0456949397921562,-0.450636088848114,-0.1281996965408325,-0.46991166472435,-0.1357871741056442,-0.5861911773681641,-0.0737250596284866,-0.4980702698230744,0.0929087027907371,-0.0934814438223838,0.151956558227539,-0.0513285733759403,0.4486674070358276,0.248249813914299,0.4578067064285278,0.2562203705310821,0.2320087850093841,-0.0915007293224334,0,1
0.4639682769775391,0.4589248597621918,0.4663315117359161,0.4139329791069031,0.4517343640327453,0.3771997690200805,0.8688719868659973,0.2519047260284424,0.9101840257644652,0.8923428058624268,0.2628689110279083,0.5574302673339844,0.3682220876216888,0.5452906489372252,0.3261930048465729,0.0352506078779697,0.0177915543317794,0.0177681576460599,0.0176836568862199,0.0166094359010458,0.0245092064142227,0.0148626742884516,0.0291721168905496,0.0245092064142227,0.0541793927550315,0.0534618385136127,0.1400180757045745,0.1717062890529632,0.085777387022972,0.3543108105659485,0.0080277398228645,0.5105773210525513,-0.0253937896341085,0.5654927492141724,-0.0344878286123275,0.5712531805038452,-0.0188830383121967,0.5546427369117737,0.4807150363922119,0.4895521104335785,0.7200051546096802,0.7362490892410278,0.9070199728012084,0.949576497077942,0.9341500401496888,-0.2306544780731201,-0.2831707298755646,-0.2378949970006942,-0.2833133935928345,0.0263688303530216,-0.2378949970006942,-0.1863364726305008,-0.2605770826339721,0.1304696798324584,-0.2861294150352478,0.230253979563713,-0.3979676067829132,0.1843979507684708,-0.516208291053772,0.1268879324197769,-0.5405232310295105,0.0607904270291328,-0.6664363145828247,0.1379451900720596,-0.5671297311782837,0.1096637696027755,-0.1101837083697319,0.2863132059574127,-0.0242024529725313,0.465770810842514,0.263415515422821,0.4986977577209472,0.2754745185375213,0.2779810130596161,-0.0874102190136909,0,1
0.4682685434818268,0.4606672823429108,0.4666633903980255,0.4174978137016296,0.4513601064682007,0.3781066834926604,0.8752844929695129,0.291378915309906,0.9259393215179444,0.9089348912239074,0.3103554248809814,0.5563353896141052,0.3750659227371216,0.5452330708503723,0.3262831270694732,0.0344474837183952,0.016823811456561,0.0168339349329471,0.0168251991271972,0.0159925818443298,0.0243574157357215,0.0145368352532386,0.0282411519438028,0.0243574157357215,0.0533873066306114,0.0531272068619728,0.1411373764276504,0.1686699241399765,0.1237677484750747,0.3434419929981232,0.0677959322929382,0.4971914291381836,0.046758484095335,0.5506821274757385,0.0435768514871597,0.5567170977592468,0.0538902692496776,0.5404928922653198,0.4833003580570221,0.491401195526123,0.7198003530502319,0.7363069653511046,0.9071361422538756,0.9495860934257508,0.9348233342170716,-0.2097159922122955,-0.268201470375061,-0.2419391423463821,-0.2682540118694305,0.0386965051293373,-0.2419391423463821,-0.1624081581830978,-0.2429203391075134,0.1855385899543762,-0.3208734393119812,0.5847193002700806,-0.4613841474056244,0.8494862914085389,-0.5535334944725037,0.8573445081710814,-0.5746097564697266,0.7653357386589049,-0.6966415047645569,0.805745244026184,-0.6003819108009337,0.1356236785650253,-0.1362027376890182,0.3716894388198852,0.0261108875274658,0.6069009304046631,0.3384414315223694,0.616337776184082,0.3574362099170685,0.4209061861038208,0.0782263427972793,0,1
0.4724333584308624,0.4651332795619964,0.4698646962642669,0.421172022819519,0.4521476328372955,0.3789168000221253,0.9134657979011536,0.3306533098220824,0.9684706926345824,0.9452230930328368,0.3650908470153808,0.55345356464386,0.3762434124946593,0.5452352166175841,0.3263618648052215,0.0346700772643089,0.0168794207274913,0.0168825816363096,0.0168720055371522,0.0160020384937524,0.0243128146976232,0.0144463200122118,0.0280956272035837,0.0243128146976232,0.053459595888853,0.0535033419728279,0.1423607617616653,0.1657134443521499,0.1470333337783813,0.3337660431861877,0.1165980324149131,0.4742876887321472,0.0961753651499748,0.5243089199066162,0.0947954431176185,0.5287349224090576,0.1046164035797119,0.510942816734314,0.4810401499271393,0.4877066612243652,0.7191861867904663,0.7363367080688477,0.9071962237358092,0.949889063835144,0.9363840818405152,-0.1426717936992645,-0.2041760832071304,-0.1778360307216644,-0.2040676921606064,0.119480513036251,-0.1778360307216644,-0.0967305749654769,-0.1809102743864059,0.2720540761947632,-0.3131097853183746,0.5423021912574768,-0.4472639262676239,0.6229112148284912,-0.5522578954696655,0.5904129147529602,-0.5886905789375305,0.5039438009262085,-0.7089806199073792,0.5760025978088379,-0.5983734130859375,0.1484366059303283,-0.1487998366355896,0.3021476566791534,-0.0667624399065971,0.5594813227653505,0.1774675101041793,0.5623043775558472,0.1893992722034454,0.3594115078449248,-0.1163093894720077,0,1
0.4688342213630676,0.4644073843955993,0.469399094581604,0.4175882637500762,0.4521233141422272,0.3772628903388977,0.9304102659225466,0.3553172647953033,0.9879447817802428,0.9633020758628844,0.386896014213562,0.5522109270095825,0.3764195442199707,0.5452315807342529,0.3259131014347076,0.0362433567643165,0.0181584544479846,0.0182417295873165,0.0182688552886247,0.0168935172259807,0.0244758632034063,0.0149759231135249,0.0283378660678863,0.0244758632034063,0.0544836036860942,0.0545641966164112,0.14424629509449,0.1642108857631683,0.171905905008316,0.3161530792713165,0.1716673076152801,0.4340510368347168,0.164601057767868,0.4881288111209869,0.1623242497444152,0.4762846827507019,0.1678723096847534,0.4587090909481048,0.4800916612148285,0.4875232577323913,0.7190403938293457,0.7367940545082092,0.9072107076644896,0.950621485710144,0.937536358833313,-0.1479442417621612,-0.2077098190784454,-0.153372049331665,-0.2075649201869965,0.1348943561315536,-0.153372049331665,-0.1006488800048828,-0.1822051554918289,0.2861738801002502,-0.3047307431697845,0.419800877571106,-0.47067591547966,0.3493083417415619,-0.5791972279548645,0.2968426942825317,-0.6276088953018188,0.246171697974205,-0.729308009147644,0.3077833354473114,-0.6191809773445128,0.1550162136554718,-0.1552888453006744,0.2855480015277862,-0.115159161388874,0.5979862809181212,0.1215966865420341,0.608815610408783,0.131932258605957,0.4040686190128326,-0.1908976882696152,0,1
0.4683362245559692,0.4643409252166748,0.4693816006183624,0.4161388278007507,0.4512643218040466,0.3756560087203979,0.9353979229927064,0.4031005501747131,1.006032347679138,0.973097562789917,0.4375755190849304,0.551595151424408,0.3764227926731109,0.5448727607727051,0.3259540200233459,0.0365992709994316,0.0183563828468322,0.0184487141668796,0.0184672437608242,0.0169349126517772,0.0244404673576354,0.0149116469547152,0.0282531883567571,0.0244404673576354,0.0545127466320991,0.0545992776751518,0.1467285007238388,0.1625691205263137,0.2041853666305541,0.319510668516159,0.2382429391145706,0.4464814066886902,0.2391141653060912,0.4930441379547119,0.2358153760433196,0.4857344031333923,0.240242838859558,0.473494678735733,0.4766897559165954,0.4848592281341553,0.7189149856567383,0.7367738485336303,0.9072213172912597,0.9513131380081176,0.939135730266571,-0.187460109591484,-0.244100883603096,-0.1762349605560302,-0.2440397292375564,0.0989932790398597,-0.1762349605560302,-0.1388736367225646,-0.2163004577159881,0.2732393145561218,-0.3055765032768249,0.406962752342224,-0.477761447429657,0.281188428401947,-0.583025336265564,0.2508231997489928,-0.6470135450363159,0.1116987988352775,-0.7419913411140442,0.29036346077919,-0.6204659342765808,0.1638848334550857,-0.1639538407325744,0.2718498110771179,-0.1413512676954269,0.5813210606575012,0.0843512266874313,0.5918877720832825,0.0920392125844955,0.3950755298137665,-0.2388674169778824,0,1
0.4692508578300476,0.4653088450431824,0.4703417122364044,0.416090190410614,0.4515927731990814,0.3748548328876495,0.904190719127655,0.4710470736026764,0.96974778175354,0.9444790482521056,0.5039945840835571,0.5510900020599365,0.3763583302497864,0.5443533062934875,0.3260017037391662,0.0373108386993408,0.0185710880905389,0.0186704583466053,0.0186860878020524,0.0169699881225824,0.0240471325814724,0.014889339916408,0.028116688132286,0.0240471325814724,0.0546395294368267,0.0547846965491771,0.148074448108673,0.1623432338237762,0.2315018475055694,0.3181358277797699,0.290250301361084,0.4397225379943848,0.2964301407337188,0.4826769828796386,0.296441912651062,0.4723263382911681,0.2971817851066589,0.4605240225791931,0.4768262803554535,0.4851878583431244,0.7194236516952515,0.7374830245971679,0.906997799873352,0.9529711604118348,0.9394990801811216,-0.2177009582519531,-0.2772829234600067,-0.1787894070148468,-0.2770044505596161,0.0843103528022766,-0.1787894070148468,-0.1558287888765335,-0.2347377091646194,0.259284645318985,-0.3287877440452576,0.4487519264221192,-0.4959687888622284,0.265270471572876,-0.5775760412216187,0.2080548554658889,-0.6505959033966064,0.1052808985114097,-0.7259030938148497,0.2353076487779617,-0.6060477495193481,0.1701172143220901,-0.1700744032859802,0.2866153717041016,-0.1437604129314422,0.6082632541656494,0.0896869450807571,0.6229418516159058,0.0981678217649459,0.4209534823894501,-0.2366056591272354,0,1
0.4696246683597564,0.4661317467689513,0.4712671041488648,0.4160679578781128,0.4517951011657714,0.3735599517822265,0.8792096376419067,0.4981086254119873,0.9321789145469664,0.9104998111724852,0.5336044430732727,0.5510632991790771,0.3757967948913574,0.543879508972168,0.3257551789283752,0.0390774980187416,0.0195412915199995,0.0196555294096469,0.019671905785799,0.0175454150885343,0.0239218920469284,0.014949289150536,0.0281662791967392,0.0239218920469284,0.0554046258330345,0.0556726939976215,0.1491025388240814,0.1593302339315414,0.2540079653263092,0.298617959022522,0.330158531665802,0.3987507820129394,0.3508054018020629,0.4425305426120758,0.352434903383255,0.4257312715053558,0.3474553227424621,0.4172186851501465,0.4763313233852385,0.4851477742195129,0.7197750806808472,0.7378743886947632,0.906768798828125,0.954801857471466,0.9398630857467652,-0.2220851629972457,-0.2812716066837311,-0.1793012619018554,-0.2810947895050049,0.075011059641838,-0.1793012619018554,-0.1661058515310287,-0.2420118600130081,0.2687012851238251,-0.322419136762619,0.4481491446495056,-0.5119765996932983,0.2697555422782897,-0.6487050652503967,0.2014544755220413,-0.7354834675788878,0.1055064424872398,-0.7964094281196593,0.2293096184730529,-0.6710034012794496,0.1644425243139266,-0.1644883006811142,0.2658348679542541,-0.1479807049036026,0.5930333733558655,0.0783361196517944,0.6093189716339111,0.0864807590842247,0.3975049257278442,-0.2547066509723663,0,1
0.4695722460746764,0.4663474559783936,0.4716254472732544,0.4160310029983521,0.4518424570560455,0.373306542634964,0.8692433834075927,0.4903384447097778,0.916339874267578,0.8948470950126648,0.5948885679244995,0.5511097311973572,0.3743384778499603,0.5424428582191467,0.3249460458755492,0.0397731028497219,0.0201223567128181,0.0202733092010021,0.0203390084207057,0.0180576704442501,0.0239175148308277,0.0152327297255396,0.0284101031720638,0.0239175148308277,0.0557327270507812,0.0562137775123119,0.1517679989337921,0.1558204144239425,0.2817820906639099,0.2706225216388702,0.3697206974029541,0.3374135494232178,0.399467408657074,0.3798978328704833,0.3986813724040984,0.3675027787685394,0.3907552659511566,0.3586064875125885,0.474066823720932,0.4836264550685882,0.7205420732498169,0.7381988763809203,0.9071823954582214,0.9575241804122924,0.9418076276779176,-0.2074986547231674,-0.2575864195823669,-0.105672463774681,-0.2575005888938904,0.123334065079689,-0.105672463774681,-0.1461948007345199,-0.2129722237586975,0.3117271959781647,-0.2703569531440735,0.4001015126705169,-0.5841805934906006,0.16193787753582,-0.8486242294311523,0.0733043700456619,-0.9574567079544068,-0.0274982284754514,-1.0018681287765503,0.1148831024765968,-0.8682544231414795,0.1613480597734451,-0.1613991558551788,0.1596471518278122,-0.1886547654867172,0.4942817389965057,0.0251170732080936,0.5090558528900145,0.0305017922073602,0.2642934322357178,-0.3386163413524628,0,1
0.3710659742355346,0.3678942322731017,0.3726780414581298,0.3129455149173736,0.3407679796218872,0.26385098695755,0.7595118284225463,0.1078849509358406,0.7775798439979553,0.7482382655143738,0.1011534482240676,0.4731623232364655,0.2836315631866455,0.5213342308998108,0.25827157497406,0.0360806658864021,0.0154395448043942,0.0161246508359909,0.0167572163045406,0.012996532022953,0.02158123254776,0.0102642197161912,0.027267912402749,0.02158123254776,0.0579074323177337,0.0570644326508045,0.1359158456325531,0.1803789287805556,0.0451004728674888,0.3782552778720856,-0.1155011877417564,0.5413027405738832,-0.1903800219297408,0.5921127796173096,-0.2127851545810699,0.5973304510116577,-0.1871925145387649,0.5826317071914673,0.4860987663269042,0.5039553642272949,0.733423411846161,0.7574175596237183,0.912638783454895,0.9582886695861816,0.9397061467170716,-0.3630445599555968,-0.4168383181095123,-0.3423202335834503,-0.4171116650104522,-0.0748557969927787,-0.3423202335834503,-0.31446835398674,-0.3894424438476562,0.0611144080758094,-0.3554374575614928,0.0753384828567505,-0.4349311888217926,0.0521206334233284,-0.5688626170158385,-0.0120257101953029,-0.5912095904350281,-0.0187584776431322,-0.6992279291152954,0.024214494973421,-0.6128217577934265,0.1252350211143493,-0.1257920116186142,0.2059570699930191,-0.0788320153951644,0.5777267217636108,0.2952316403388977,0.596799910068512,0.3128689527511596,0.3825729489326477,-0.0383119545876979,0,1
